Unnamed: 0	wavelength	counts
0	232.734922	155.0
1	233.114346	132.0
2	233.493737	125.0
3	233.873095	121.0
4	234.252421	122.0
5	234.631715	121.0
6	235.010976	123.0
7	235.390204	118.0
8	235.7694	133.0
9	236.148564	125.0
10	236.527695	134.0
11	236.906793	126.0
12	237.285859	120.0
13	237.664892	124.0
14	238.043893	129.0
15	238.422861	122.0
16	238.801796	120.0
17	239.180699	117.0
18	239.559569	124.0
19	239.938407	125.0
20	240.317212	127.0
21	240.695984	133.0
22	241.074724	137.0
23	241.453431	131.0
24	241.832105	125.0
25	242.210747	130.0
26	242.589356	135.0
27	242.967932	132.0
28	243.346476	133.0
29	243.724986	133.0
30	244.103465	129.0
31	244.48191	176.0
32	244.860323	134.0
33	245.238702	134.0
34	245.61705	139.0
35	245.995364	131.0
36	246.373645	128.0
37	246.751894	130.0
38	247.13011	130.0
39	247.508293	138.0
40	247.886444	129.0
41	248.264561	149.0
42	248.642646	139.0
43	249.020698	134.0
44	249.398717	132.0
45	249.776703	142.0
46	250.154656	202.0
47	250.532576	137.0
48	250.910464	127.0
49	251.288318	160.0
50	251.66614	151.0
51	252.043929	137.0
52	252.421684	129.0
53	252.799407	188.0
54	253.177097	145.0
55	253.554754	134.0
56	253.932378	130.0
57	254.309969	132.0
58	254.687527	148.0
59	255.065052	150.0
60	255.442544	134.0
61	255.820003	134.0
62	256.197429	170.0
63	256.574822	130.0
64	256.952182	126.0
65	257.329509	130.0
66	257.706803	128.0
67	258.084063	135.0
68	258.461291	130.0
69	258.838486	131.0
70	259.215647	131.0
71	259.592775	128.0
72	259.969871	127.0
73	260.346933	129.0
74	260.723962	134.0
75	261.100958	132.0
76	261.47792	162.0
77	261.85485	136.0
78	262.231746	129.0
79	262.60861	132.0
80	262.98544	133.0
81	263.362236	130.0
82	263.739	131.0
83	264.115731	129.0
84	264.492428	128.0
85	264.869092	133.0
86	265.245722	132.0
87	265.62232	129.0
88	265.998884	204.0
89	266.375415	141.0
90	266.751913	135.0
91	267.128377	127.0
92	267.504808	132.0
93	267.881206	124.0
94	268.25757	125.0
95	268.633901	205.0
96	269.010199	136.0
97	269.386464	126.0
98	269.762695	127.0
99	270.138892	138.0
100	270.515057	132.0
101	270.891188	127.0
102	271.267285	125.0
103	271.64335	127.0
104	272.01938	134.0
105	272.395378	133.0
106	272.771342	130.0
107	273.147272	136.0
108	273.523169	129.0
109	273.899033	132.0
110	274.274863	127.0
111	274.65066	133.0
112	275.026423	129.0
113	275.402153	133.0
114	275.777849	131.0
115	276.153512	129.0
116	276.529141	134.0
117	276.904737	133.0
118	277.280299	130.0
119	277.655827	130.0
120	278.031322	160.0
121	278.406784	128.0
122	278.782212	131.0
123	279.157606	155.0
124	279.532967	137.0
125	279.908294	137.0
126	280.283587	138.0
127	280.658847	129.0
128	281.034074	125.0
129	281.409266	126.0
130	281.784425	125.0
131	282.15955	168.0
132	282.534642	171.0
133	282.9097	134.0
134	283.284724	129.0
135	283.659715	129.0
136	284.034672	136.0
137	284.409595	128.0
138	284.784485	134.0
139	285.15934	137.0
140	285.534162	127.0
141	285.908951	133.0
142	286.283705	131.0
143	286.658426	128.0
144	287.033113	137.0
145	287.407766	140.0
146	287.782386	133.0
147	288.156971	132.0
148	288.531523	128.0
149	288.906041	132.0
150	289.280525	131.0
151	289.654975	129.0
152	290.029392	130.0
153	290.403775	130.0
154	290.778123	132.0
155	291.152438	130.0
156	291.526719	129.0
157	291.900966	127.0
158	292.275179	131.0
159	292.649359	134.0
160	293.023504	132.0
161	293.397615	141.0
162	293.771693	137.0
163	294.145736	126.0
164	294.519746	136.0
165	294.893722	130.0
166	295.267663	135.0
167	295.641571	139.0
168	296.015444	131.0
169	296.389284	137.0
170	296.76309	137.0
171	297.136861	135.0
172	297.510599	131.0
173	297.884302	131.0
174	298.257972	134.0
175	298.631607	124.0
176	299.005209	128.0
177	299.378776	129.0
178	299.752309	137.0
179	300.125808	129.0
180	300.499273	165.0
181	300.872704	132.0
182	301.246101	127.0
183	301.619463	133.0
184	301.992792	137.0
185	302.366086	132.0
186	302.739346	133.0
187	303.112572	129.0
188	303.485764	177.0
189	303.858922	137.0
190	304.232045	130.0
191	304.605135	134.0
192	304.97819	128.0
193	305.35121	125.0
194	305.724197	128.0
195	306.097149	123.0
196	306.470067	131.0
197	306.842951	129.0
198	307.215801	130.0
199	307.588616	127.0
200	307.961397	132.0
201	308.334144	130.0
202	308.706856	138.0
203	309.079534	129.0
204	309.452178	128.0
205	309.824787	138.0
206	310.197362	129.0
207	310.569903	128.0
208	310.942409	135.0
209	311.314881	130.0
210	311.687319	129.0
211	312.059722	135.0
212	312.432091	135.0
213	312.804425	132.0
214	313.176725	134.0
215	313.54899	140.0
216	313.921222	131.0
217	314.293418	128.0
218	314.66558	135.0
219	315.037708	128.0
220	315.409801	141.0
221	315.78186	132.0
222	316.153884	130.0
223	316.525874	130.0
224	316.89783	131.0
225	317.26975	130.0
226	317.641637	133.0
227	318.013488	129.0
228	318.385305	127.0
229	318.757088	145.0
230	319.128836	131.0
231	319.500549	128.0
232	319.872228	136.0
233	320.243873	133.0
234	320.615482	142.0
235	320.987057	127.0
236	321.358598	128.0
237	321.730104	134.0
238	322.101575	134.0
239	322.473011	135.0
240	322.844413	168.0
241	323.215781	132.0
242	323.587113	127.0
243	323.958411	136.0
244	324.329674	139.0
245	324.700903	135.0
246	325.072096	125.0
247	325.443255	131.0
248	325.81438	128.0
249	326.185469	153.0
250	326.556524	127.0
251	326.927544	144.0
252	327.298529	136.0
253	327.66948	139.0
254	328.040396	143.0
255	328.411277	135.0
256	328.782123	128.0
257	329.152934	132.0
258	329.523711	147.0
259	329.894452	132.0
260	330.265159	134.0
261	330.635831	136.0
262	331.006468	130.0
263	331.377071	132.0
264	331.747638	132.0
265	332.118171	183.0
266	332.488668	138.0
267	332.859131	130.0
268	333.229559	128.0
269	333.599951	138.0
270	333.970309	138.0
271	334.340632	129.0
272	334.71092	140.0
273	335.081174	137.0
274	335.451392	139.0
275	335.821575	129.0
276	336.191723	133.0
277	336.561836	129.0
278	336.931914	132.0
279	337.301957	133.0
280	337.671966	132.0
281	338.041939	136.0
282	338.411877	131.0
283	338.78178	141.0
284	339.151648	137.0
285	339.521481	141.0
286	339.891278	133.0
287	340.261041	135.0
288	340.630769	133.0
289	341.000461	136.0
290	341.370119	132.0
291	341.739741	129.0
292	342.109328	127.0
293	342.47888	128.0
294	342.848397	138.0
295	343.217878	139.0
296	343.587325	129.0
297	343.956736	131.0
298	344.326112	136.0
299	344.695453	135.0
300	345.064759	128.0
301	345.43403	136.0
302	345.803265	140.0
303	346.172465	129.0
304	346.54163	150.0
305	346.910759	134.0
306	347.279854	130.0
307	347.648913	156.0
308	348.017936	144.0
309	348.386925	130.0
310	348.755878	132.0
311	349.124796	172.0
312	349.493678	140.0
313	349.862526	140.0
314	350.231337	131.0
315	350.600114	128.0
316	350.968855	138.0
317	351.337561	137.0
318	351.706231	133.0
319	352.074866	134.0
320	352.443466	132.0
321	352.81203	128.0
322	353.180559	133.0
323	353.549053	140.0
324	353.917511	135.0
325	354.285933	133.0
326	354.65432	137.0
327	355.022672	136.0
328	355.390988	136.0
329	355.759269	129.0
330	356.127514	123.0
331	356.495724	132.0
332	356.863898	132.0
333	357.232037	129.0
334	357.60014	129.0
335	357.968208	137.0
336	358.33624	140.0
337	358.704237	134.0
338	359.072198	134.0
339	359.440123	129.0
340	359.808013	127.0
341	360.175867	129.0
342	360.543686	185.0
343	360.911469	137.0
344	361.279217	135.0
345	361.646929	132.0
346	362.014605	134.0
347	362.382246	136.0
348	362.749851	128.0
349	363.11742	142.0
350	363.484954	152.0
351	363.852452	132.0
352	364.219914	130.0
353	364.587341	130.0
354	364.954732	126.0
355	365.322087	138.0
356	365.689406	129.0
357	366.05669	126.0
358	366.423938	128.0
359	366.79115	131.0
360	367.158327	128.0
361	367.525468	135.0
362	367.892573	134.0
363	368.259642	130.0
364	368.626675	125.0
365	368.993673	134.0
366	369.360634	128.0
367	369.72756	129.0
368	370.094451	129.0
369	370.461305	128.0
370	370.828123	159.0
371	371.194906	133.0
372	371.561653	131.0
373	371.928363	135.0
374	372.295038	137.0
375	372.661677	128.0
376	373.02828	136.0
377	373.394848	132.0
378	373.761379	135.0
379	374.127874	131.0
380	374.494334	128.0
381	374.860757	143.0
382	375.227145	127.0
383	375.593496	137.0
384	375.959812	138.0
385	376.326091	134.0
386	376.692335	139.0
387	377.058543	129.0
388	377.424714	124.0
389	377.79085	128.0
390	378.156949	128.0
391	378.523013	128.0
392	378.88904	136.0
393	379.255031	131.0
394	379.620987	129.0
395	379.986906	129.0
396	380.352789	130.0
397	380.718636	132.0
398	381.084447	127.0
399	381.450222	129.0
400	381.81596	133.0
401	382.181663	127.0
402	382.547329	135.0
403	382.91296	128.0
404	383.278554	133.0
405	383.644111	134.0
406	384.009633	140.0
407	384.375119	131.0
408	384.740568	130.0
409	385.105981	130.0
410	385.471358	131.0
411	385.836699	130.0
412	386.202003	128.0
413	386.567271	169.0
414	386.932503	140.0
415	387.297699	135.0
416	387.662858	128.0
417	388.027982	140.0
418	388.393068	139.0
419	388.758119	135.0
420	389.123133	127.0
421	389.488111	130.0
422	389.853053	186.0
423	390.217958	134.0
424	390.582827	135.0
425	390.947659	129.0
426	391.312456	129.0
427	391.677215	128.0
428	392.041939	134.0
429	392.406626	138.0
430	392.771277	131.0
431	393.135891	138.0
432	393.500469	147.0
433	393.86501	140.0
434	394.229515	127.0
435	394.593983	131.0
436	394.958415	135.0
437	395.322811	131.0
438	395.68717	129.0
439	396.051493	139.0
440	396.415779	130.0
441	396.780028	133.0
442	397.144242	128.0
443	397.508418	127.0
444	397.872558	134.0
445	398.236662	132.0
446	398.600729	136.0
447	398.964759	135.0
448	399.328753	132.0
449	399.69271	131.0
450	400.056631	126.0
451	400.420515	127.0
452	400.784363	128.0
453	401.148174	139.0
454	401.511948	136.0
455	401.875685	129.0
456	402.239386	132.0
457	402.603051	137.0
458	402.966678	137.0
459	403.330269	130.0
460	403.693824	136.0
461	404.057342	130.0
462	404.420822	129.0
463	404.784267	128.0
464	405.147674	128.0
465	405.511045	126.0
466	405.874379	128.0
467	406.237677	127.0
468	406.600937	127.0
469	406.964161	134.0
470	407.327348	130.0
471	407.690498	136.0
472	408.053612	130.0
473	408.416689	132.0
474	408.779729	174.0
475	409.142732	142.0
476	409.505698	130.0
477	409.868627	133.0
478	410.23152	130.0
479	410.594376	124.0
480	410.957195	134.0
481	411.319977	128.0
482	411.682722	130.0
483	412.04543	126.0
484	412.408101	127.0
485	412.770736	129.0
486	413.133333	129.0
487	413.495894	140.0
488	413.858418	136.0
489	414.220905	130.0
490	414.583354	125.0
491	414.945767	129.0
492	415.308143	140.0
493	415.670482	133.0
494	416.032784	127.0
495	416.395049	134.0
496	416.757277	128.0
497	417.119467	136.0
498	417.481621	130.0
499	417.843738	150.0
500	418.205818	132.0
501	418.567861	127.0
502	418.929866	129.0
503	419.291835	126.0
504	419.653766	142.0
505	420.015661	133.0
506	420.377518	130.0
507	420.739338	140.0
508	421.101121	135.0
509	421.462867	127.0
510	421.824576	128.0
511	422.186248	132.0
512	422.547882	129.0
513	422.90948	138.0
514	423.27104	133.0
515	423.632563	133.0
516	423.994049	128.0
517	424.355497	185.0
518	424.716909	134.0
519	425.078283	126.0
520	425.43962	162.0
521	425.80092	132.0
522	426.162182	139.0
523	426.523407	129.0
524	426.884595	130.0
525	427.245746	131.0
526	427.60686	141.0
527	427.967936	135.0
528	428.328975	127.0
529	428.689976	130.0
530	429.05094	130.0
531	429.411867	130.0
532	429.772757	130.0
533	430.133609	127.0
534	430.494424	129.0
535	430.855201	131.0
536	431.215941	136.0
537	431.576644	136.0
538	431.937309	174.0
539	432.297937	133.0
540	432.658528	132.0
541	433.019081	136.0
542	433.379596	136.0
543	433.740075	130.0
544	434.100515	138.0
545	434.460919	135.0
546	434.821284	139.0
547	435.181613	134.0
548	435.541904	131.0
549	435.902157	139.0
550	436.262373	136.0
551	436.622551	129.0
552	436.982692	139.0
553	437.342796	134.0
554	437.702861	138.0
555	438.06289	133.0
556	438.42288	141.0
557	438.782833	142.0
558	439.142749	143.0
559	439.502627	138.0
560	439.862467	136.0
561	440.22227	144.0
562	440.582035	138.0
563	440.941763	141.0
564	441.301453	142.0
565	441.661105	141.0
566	442.020719	145.0
567	442.380296	141.0
568	442.739836	139.0
569	443.099337	141.0
570	443.458801	140.0
571	443.818227	139.0
572	444.177616	140.0
573	444.536967	146.0
574	444.89628	150.0
575	445.255555	155.0
576	445.614793	215.0
577	445.973992	145.0
578	446.333154	148.0
579	446.692279	150.0
580	447.051365	144.0
581	447.410414	144.0
582	447.769425	144.0
583	448.128398	142.0
584	448.487334	146.0
585	448.846231	153.0
586	449.205091	149.0
587	449.563913	151.0
588	449.922697	213.0
589	450.281443	156.0
590	450.640151	143.0
591	450.998821	140.0
592	451.357454	144.0
593	451.716048	146.0
594	452.074605	145.0
595	452.433124	142.0
596	452.791605	145.0
597	453.150048	138.0
598	453.508452	140.0
599	453.86682	140.0
600	454.225149	138.0
601	454.58344	138.0
602	454.941693	141.0
603	455.299908	148.0
604	455.658085	137.0
605	456.016224	139.0
606	456.374325	141.0
607	456.732388	141.0
608	457.090413	134.0
609	457.4484	143.0
610	457.806349	151.0
611	458.16426	184.0
612	458.522133	148.0
613	458.879967	138.0
614	459.237764	140.0
615	459.595523	135.0
616	459.953243	137.0
617	460.310925	139.0
618	460.668569	136.0
619	461.026175	137.0
620	461.383743	140.0
621	461.741273	142.0
622	462.098765	138.0
623	462.456218	134.0
624	462.813633	138.0
625	463.17101	137.0
626	463.528349	203.0
627	463.88565	140.0
628	464.242912	139.0
629	464.600136	144.0
630	464.957322	140.0
631	465.31447	136.0
632	465.671579	411.0
633	466.02865	135.0
634	466.385683	139.0
635	466.742678	141.0
636	467.099634	138.0
637	467.456552	139.0
638	467.813432	136.0
639	468.170273	132.0
640	468.527076	139.0
641	468.883841	138.0
642	469.240567	135.0
643	469.597255	130.0
644	469.953905	136.0
645	470.310516	145.0
646	470.667089	145.0
647	471.023624	135.0
648	471.38012	135.0
649	471.736577	134.0
650	472.092997	159.0
651	472.449377	142.0
652	472.80572	136.0
653	473.162024	138.0
654	473.518289	132.0
655	473.874516	136.0
656	474.230705	138.0
657	474.586855	137.0
658	474.942966	136.0
659	475.299039	133.0
660	475.655074	132.0
661	476.01107	128.0
662	476.367027	135.0
663	476.722946	141.0
664	477.078827	137.0
665	477.434669	140.0
666	477.790472	151.0
667	478.146237	138.0
668	478.501963	153.0
669	478.85765	137.0
670	479.213299	144.0
671	479.568909	133.0
672	479.924481	138.0
673	480.280014	136.0
674	480.635508	144.0
675	480.990964	136.0
676	481.346381	142.0
677	481.70176	129.0
678	482.057099	141.0
679	482.4124	137.0
680	482.767663	136.0
681	483.122886	139.0
682	483.478071	135.0
683	483.833218	137.0
684	484.188325	133.0
685	484.543394	138.0
686	484.898424	141.0
687	485.253415	138.0
688	485.608367	135.0
689	485.963281	140.0
690	486.318156	132.0
691	486.672992	135.0
692	487.027789	140.0
693	487.382548	138.0
694	487.737267	141.0
695	488.091948	150.0
696	488.44659	160.0
697	488.801193	146.0
698	489.155758	146.0
699	489.510283	157.0
700	489.864769	140.0
701	490.219217	184.0
702	490.573626	141.0
703	490.927995	143.0
704	491.282326	138.0
705	491.636618	140.0
706	491.990871	140.0
707	492.345085	141.0
708	492.699261	148.0
709	493.053397	143.0
710	493.407494	137.0
711	493.761552	135.0
712	494.115571	143.0
713	494.469552	145.0
714	494.823493	142.0
715	495.177395	146.0
716	495.531258	139.0
717	495.885082	138.0
718	496.238867	140.0
719	496.592613	142.0
720	496.94632	139.0
721	497.299988	141.0
722	497.653617	148.0
723	498.007207	146.0
724	498.360757	148.0
725	498.714269	140.0
726	499.067741	147.0
727	499.421174	148.0
728	499.774569	145.0
729	500.127924	140.0
730	500.481239	144.0
731	500.834516	149.0
732	501.187754	143.0
733	501.540952	147.0
734	501.894111	142.0
735	502.247231	159.0
736	502.600312	144.0
737	502.953353	143.0
738	503.306355	143.0
739	503.659318	158.0
740	504.012242	184.0
741	504.365126	142.0
742	504.717972	153.0
743	505.070778	143.0
744	505.423544	142.0
745	505.776272	144.0
746	506.12896	148.0
747	506.481609	143.0
748	506.834218	147.0
749	507.186788	191.0
750	507.539319	153.0
751	507.89181	147.0
752	508.244262	150.0
753	508.596675	138.0
754	508.949048	200.0
755	509.301382	153.0
756	509.653677	152.0
757	510.005932	144.0
758	510.358148	145.0
759	510.710324	176.0
760	511.062461	141.0
761	511.414558	153.0
762	511.766616	149.0
763	512.118635	147.0
764	512.470614	157.0
765	512.822554	170.0
766	513.174454	190.0
767	513.526314	151.0
768	513.878135	149.0
769	514.229917	146.0
770	514.581659	143.0
771	514.933362	152.0
772	515.285025	154.0
773	515.636648	150.0
774	515.988232	148.0
775	516.339776	144.0
776	516.691281	164.0
777	517.042746	152.0
778	517.394172	146.0
779	517.745558	156.0
780	518.096904	172.0
781	518.448211	154.0
782	518.799478	157.0
783	519.150705	149.0
784	519.501893	165.0
785	519.853041	145.0
786	520.20415	160.0
787	520.555218	143.0
788	520.906247	162.0
789	521.257237	148.0
790	521.608186	167.0
791	521.959096	202.0
792	522.309967	146.0
793	522.660797	148.0
794	523.011588	148.0
795	523.362339	147.0
796	523.71305	151.0
797	524.063722	144.0
798	524.414353	145.0
799	524.764945	147.0
800	525.115497	155.0
801	525.46601	147.0
802	525.816482	152.0
803	526.166915	149.0
804	526.517308	155.0
805	526.867661	158.0
806	527.217974	148.0
807	527.568247	150.0
808	527.91848	149.0
809	528.268674	148.0
810	528.618828	160.0
811	528.968941	157.0
812	529.319015	151.0
813	529.669049	162.0
814	530.019043	147.0
815	530.368997	148.0
816	530.718911	147.0
817	531.068785	152.0
818	531.418619	153.0
819	531.768414	154.0
820	532.118168	145.0
821	532.467882	146.0
822	532.817556	152.0
823	533.16719	152.0
824	533.516785	155.0
825	533.866339	153.0
826	534.215853	154.0
827	534.565327	154.0
828	534.914761	153.0
829	535.264155	152.0
830	535.613509	152.0
831	535.962823	159.0
832	536.312096	155.0
833	536.66133	151.0
834	537.010523	149.0
835	537.359677	152.0
836	537.70879	158.0
837	538.057863	153.0
838	538.406896	155.0
839	538.755889	160.0
840	539.104842	211.0
841	539.453754	201.0
842	539.802626	155.0
843	540.151458	154.0
844	540.50025	151.0
845	540.849002	156.0
846	541.197713	156.0
847	541.546385	155.0
848	541.895016	158.0
849	542.243606	162.0
850	542.592157	154.0
851	542.940667	160.0
852	543.289137	153.0
853	543.637567	180.0
854	543.985956	167.0
855	544.334305	159.0
856	544.682614	157.0
857	545.030882	154.0
858	545.37911	155.0
859	545.727298	159.0
860	546.075446	164.0
861	546.423553	188.0
862	546.771619	192.0
863	547.119646	159.0
864	547.467631	154.0
865	547.815577	162.0
866	548.163482	165.0
867	548.511347	163.0
868	548.859171	160.0
869	549.206955	157.0
870	549.554698	161.0
871	549.902401	155.0
872	550.250064	157.0
873	550.597686	160.0
874	550.945267	160.0
875	551.292808	161.0
876	551.640309	157.0
877	551.987769	166.0
878	552.335189	155.0
879	552.682568	176.0
880	553.029906	158.0
881	553.377204	163.0
882	553.724461	154.0
883	554.071678	154.0
884	554.418854	161.0
885	554.76599	152.0
886	555.113085	163.0
887	555.46014	157.0
888	555.807154	152.0
889	556.154127	166.0
890	556.50106	154.0
891	556.847952	167.0
892	557.194803	151.0
893	557.541614	162.0
894	557.888384	156.0
895	558.235113	158.0
896	558.581802	159.0
897	558.92845	164.0
898	559.275057	159.0
899	559.621624	156.0
900	559.96815	158.0
901	560.314635	191.0
902	560.661079	158.0
903	561.007483	163.0
904	561.353846	162.0
905	561.700168	170.0
906	562.046449	161.0
907	562.39269	160.0
908	562.73889	158.0
909	563.085049	166.0
910	563.431167	158.0
911	563.777245	155.0
912	564.123281	182.0
913	564.469277	153.0
914	564.815232	159.0
915	565.161146	159.0
916	565.507019	158.0
917	565.852851	166.0
918	566.198643	169.0
919	566.544393	169.0
920	566.890103	156.0
921	567.235772	155.0
922	567.581399	167.0
923	567.926986	156.0
924	568.272532	172.0
925	568.618037	161.0
926	568.963501	152.0
927	569.308924	158.0
928	569.654306	160.0
929	569.999647	158.0
930	570.344948	162.0
931	570.690207	163.0
932	571.035425	168.0
933	571.380602	156.0
934	571.725738	159.0
935	572.070833	155.0
936	572.415887	161.0
937	572.7609	163.0
938	573.105872	166.0
939	573.450803	155.0
940	573.795692	166.0
941	574.140541	156.0
942	574.485348	154.0
943	574.830115	159.0
944	575.17484	164.0
945	575.519524	160.0
946	575.864167	164.0
947	576.208769	171.0
948	576.55333	168.0
949	576.897849	168.0
950	577.242328	161.0
951	577.586765	155.0
952	577.931161	157.0
953	578.275515	157.0
954	578.619829	155.0
955	578.964101	158.0
956	579.308332	154.0
957	579.652522	168.0
958	579.996671	174.0
959	580.340778	158.0
960	580.684844	167.0
961	581.028869	170.0
962	581.372853	162.0
963	581.716795	156.0
964	582.060696	161.0
965	582.404555	154.0
966	582.748374	161.0
967	583.092151	158.0
968	583.435886	162.0
969	583.779581	164.0
970	584.123234	160.0
971	584.466845	168.0
972	584.810415	174.0
973	585.153944	157.0
974	585.497431	160.0
975	585.840877	158.0
976	586.184282	162.0
977	586.527645	167.0
978	586.870967	163.0
979	587.214247	169.0
980	587.557486	159.0
981	587.900683	153.0
982	588.243839	163.0
983	588.586953	162.0
984	588.930026	160.0
985	589.273058	160.0
986	589.616048	159.0
987	589.958996	175.0
988	590.301903	166.0
989	590.644768	171.0
990	590.987592	156.0
991	591.330374	171.0
992	591.673115	221.0
993	592.015814	162.0
994	592.358472	163.0
995	592.701087	160.0
996	593.043662	155.0
997	593.386195	157.0
998	593.728686	165.0
999	594.071135	160.0
1000	594.413543	164.0
1001	594.755909	156.0
1002	595.098234	152.0
1003	595.440517	158.0
1004	595.782758	167.0
1005	596.124957	165.0
1006	596.467115	157.0
1007	596.809231	236.0
1008	597.151306	161.0
1009	597.493339	154.0
1010	597.83533	157.0
1011	598.177279	161.0
1012	598.519186	164.0
1013	598.861052	168.0
1014	599.202876	164.0
1015	599.544658	157.0
1016	599.886399	158.0
1017	600.228097	255.0
1018	600.569754	156.0
1019	600.911369	154.0
1020	601.252942	160.0
1021	601.594474	162.0
1022	601.935963	158.0
1023	602.277411	156.0
1024	602.618817	169.0
1025	602.960181	154.0
1026	603.301503	155.0
1027	603.642783	159.0
1028	603.984022	166.0
1029	604.325218	154.0
1030	604.666373	161.0
1031	605.007485	157.0
1032	605.348556	164.0
1033	605.689585	166.0
1034	606.030571	155.0
1035	606.371516	153.0
1036	606.712419	157.0
1037	607.05328	173.0
1038	607.394099	161.0
1039	607.734876	162.0
1040	608.075611	160.0
1041	608.416304	165.0
1042	608.756955	163.0
1043	609.097563	156.0
1044	609.43813	157.0
1045	609.778655	163.0
1046	610.119138	154.0
1047	610.459578	155.0
1048	610.799977	155.0
1049	611.140333	150.0
1050	611.480648	163.0
1051	611.82092	152.0
1052	612.16115	152.0
1053	612.501338	159.0
1054	612.841484	156.0
1055	613.181588	158.0
1056	613.52165	153.0
1057	613.861669	155.0
1058	614.201647	167.0
1059	614.541582	152.0
1060	614.881475	153.0
1061	615.221325	160.0
1062	615.561134	160.0
1063	615.9009	165.0
1064	616.240624	156.0
1065	616.580306	155.0
1066	616.919946	155.0
1067	617.259543	152.0
1068	617.599098	151.0
1069	617.938611	174.0
1070	618.278082	156.0
1071	618.61751	149.0
1072	618.956896	154.0
1073	619.29624	153.0
1074	619.635541	148.0
1075	619.9748	154.0
1076	620.314017	155.0
1077	620.653191	158.0
1078	620.992323	153.0
1079	621.331413	152.0
1080	621.67046	153.0
1081	622.009465	152.0
1082	622.348428	159.0
1083	622.687348	155.0
1084	623.026226	153.0
1085	623.365061	166.0
1086	623.703854	154.0
1087	624.042604	165.0
1088	624.381312	149.0
1089	624.719978	158.0
1090	625.058601	149.0
1091	625.397182	170.0
1092	625.73572	154.0
1093	626.074215	153.0
1094	626.412669	156.0
1095	626.751079	183.0
1096	627.089447	155.0
1097	627.427773	146.0
1098	627.766056	155.0
1099	628.104297	149.0
1100	628.442494	149.0
1101	628.78065	153.0
1102	629.118763	144.0
1103	629.456833	152.0
1104	629.794861	156.0
1105	630.132846	149.0
1106	630.470788	148.0
1107	630.808688	148.0
1108	631.146545	150.0
1109	631.48436	145.0
1110	631.822132	164.0
1111	632.159861	148.0
1112	632.497548	146.0
1113	632.835192	149.0
1114	633.172793	146.0
1115	633.510351	153.0
1116	633.847867	149.0
1117	634.185341	151.0
1118	634.522771	148.0
1119	634.860159	146.0
1120	635.197504	149.0
1121	635.534806	145.0
1122	635.872065	151.0
1123	636.209282	149.0
1124	636.546456	142.0
1125	636.883587	138.0
1126	637.220676	151.0
1127	637.557721	157.0
1128	637.894724	153.0
1129	638.231684	150.0
1130	638.568601	152.0
1131	638.905475	158.0
1132	639.242307	144.0
1133	639.579095	146.0
1134	639.915841	162.0
1135	640.252544	143.0
1136	640.589204	162.0
1137	640.925821	144.0
1138	641.262395	146.0
1139	641.598926	141.0
1140	641.935414	141.0
1141	642.27186	149.0
1142	642.608262	151.0
1143	642.944622	142.0
1144	643.280938	140.0
1145	643.617212	140.0
1146	643.953442	152.0
1147	644.28963	145.0
1148	644.625775	142.0
1149	644.961876	139.0
1150	645.297935	143.0
1151	645.63395	144.0
1152	645.969923	142.0
1153	646.305853	157.0
1154	646.641739	142.0
1155	646.977582	150.0
1156	647.313383	145.0
1157	647.64914	144.0
1158	647.984854	206.0
1159	648.320525	139.0
1160	648.656153	143.0
1161	648.991738	139.0
1162	649.32728	140.0
1163	649.662778	144.0
1164	649.998234	145.0
1165	650.333646	156.0
1166	650.669015	142.0
1167	651.004341	140.0
1168	651.339624	141.0
1169	651.674864	145.0
1170	652.01006	140.0
1171	652.345213	137.0
1172	652.680323	146.0
1173	653.01539	140.0
1174	653.350414	142.0
1175	653.685394	238.0
1176	654.020331	140.0
1177	654.355225	144.0
1178	654.690075	148.0
1179	655.024883	139.0
1180	655.359647	135.0
1181	655.694367	136.0
1182	656.029045	153.0
1183	656.363679	150.0
1184	656.698269	142.0
1185	657.032817	139.0
1186	657.367321	144.0
1187	657.701781	136.0
1188	658.036199	142.0
1189	658.370573	141.0
1190	658.704903	140.0
1191	659.039191	139.0
1192	659.373434	144.0
1193	659.707635	140.0
1194	660.041792	146.0
1195	660.375905	134.0
1196	660.709975	139.0
1197	661.044002	140.0
1198	661.377985	141.0
1199	661.711925	134.0
1200	662.045821	164.0
1201	662.379674	136.0
1202	662.713483	137.0
1203	663.047249	183.0
1204	663.380971	136.0
1205	663.71465	144.0
1206	664.048285	136.0
1207	664.381877	140.0
1208	664.715425	135.0
1209	665.04893	132.0
1210	665.382391	135.0
1211	665.715808	137.0
1212	666.049182	153.0
1213	666.382513	137.0
1214	666.715799	165.0
1215	667.049042	140.0
1216	667.382242	132.0
1217	667.715398	136.0
1218	668.04851	146.0
1219	668.381579	150.0
1220	668.714603	135.0
1221	669.047585	138.0
1222	669.380522	145.0
1223	669.713416	166.0
1224	670.046266	144.0
1225	670.379073	136.0
1226	670.711836	144.0
1227	671.044555	143.0
1228	671.37723	134.0
1229	671.709862	139.0
1230	672.042449	133.0
1231	672.374994	137.0
1232	672.707494	136.0
1233	673.03995	135.0
1234	673.372363	149.0
1235	673.704732	151.0
1236	674.037057	136.0
1237	674.369339	132.0
1238	674.701576	131.0
1239	675.03377	127.0
1240	675.36592	128.0
1241	675.698026	140.0
1242	676.030088	143.0
1243	676.362106	134.0
1244	676.694081	132.0
1245	677.026011	129.0
1246	677.357898	133.0
1247	677.689741	130.0
1248	678.02154	133.0
1249	678.353295	138.0
1250	678.685006	135.0
1251	679.016673	140.0
1252	679.348296	136.0
1253	679.679875	136.0
1254	680.01141	127.0
1255	680.342901	130.0
1256	680.674348	129.0
1257	681.005752	142.0
1258	681.337111	144.0
1259	681.668426	139.0
1260	681.999697	128.0
1261	682.330924	125.0
1262	682.662107	139.0
1263	682.993246	132.0
1264	683.324341	129.0
1265	683.655392	153.0
1266	683.986399	154.0
1267	684.317362	131.0
1268	684.648281	139.0
1269	684.979155	128.0
1270	685.309986	129.0
1271	685.640772	130.0
1272	685.971514	128.0
1273	686.302212	134.0
1274	686.632866	133.0
1275	686.963476	148.0
1276	687.294041	133.0
1277	687.624563	133.0
1278	687.95504	129.0
1279	688.285473	134.0
1280	688.615862	142.0
1281	688.946206	129.0
1282	689.276507	132.0
1283	689.606763	134.0
1284	689.936975	138.0
1285	690.267142	138.0
1286	690.597266	130.0
1287	690.927345	144.0
1288	691.257379	132.0
1289	691.58737	130.0
1290	691.917316	127.0
1291	692.247218	135.0
1292	692.577076	129.0
1293	692.906889	131.0
1294	693.236658	147.0
1295	693.566383	144.0
1296	693.896063	139.0
1297	694.225699	134.0
1298	694.55529	135.0
1299	694.884837	133.0
1300	695.21434	138.0
1301	695.543798	131.0
1302	695.873212	130.0
1303	696.202582	129.0
1304	696.531907	125.0
1305	696.861188	225.0
1306	697.190424	133.0
1307	697.519616	128.0
1308	697.848763	125.0
1309	698.177866	128.0
1310	698.506924	151.0
1311	698.835938	132.0
1312	699.164907	130.0
1313	699.493832	129.0
1314	699.822712	127.0
1315	700.151548	125.0
1316	700.480339	125.0
1317	700.809086	129.0
1318	701.137788	134.0
1319	701.466446	142.0
1320	701.795059	136.0
1321	702.123627	138.0
1322	702.452151	134.0
1323	702.78063	129.0
1324	703.109065	138.0
1325	703.437455	139.0
1326	703.7658	126.0
1327	704.094101	139.0
1328	704.422357	129.0
1329	704.750569	129.0
1330	705.078735	126.0
1331	705.406857	129.0
1332	705.734935	127.0
1333	706.062968	128.0
1334	706.390956	131.0
1335	706.718899	131.0
1336	707.046797	129.0
1337	707.374651	127.0
1338	707.70246	126.0
1339	708.030225	135.0
1340	708.357944	127.0
1341	708.685619	126.0
1342	709.013249	123.0
1343	709.340835	125.0
1344	709.668375	127.0
1345	709.995871	134.0
1346	710.323322	131.0
1347	710.650728	134.0
1348	710.978089	150.0
1349	711.305405	133.0
1350	711.632677	161.0
1351	711.959904	133.0
1352	712.287085	126.0
1353	712.614222	127.0
1354	712.941314	126.0
1355	713.268361	128.0
1356	713.595364	124.0
1357	713.922321	129.0
1358	714.249233	125.0
1359	714.576101	123.0
1360	714.902923	125.0
1361	715.229701	126.0
1362	715.556434	133.0
1363	715.883121	132.0
1364	716.209764	130.0
1365	716.536362	133.0
1366	716.862914	127.0
1367	717.189422	131.0
1368	717.515885	126.0
1369	717.842302	129.0
1370	718.168675	127.0
1371	718.495003	161.0
1372	718.821285	136.0
1373	719.147523	127.0
1374	719.473715	123.0
1375	719.799862	127.0
1376	720.125965	128.0
1377	720.452022	127.0
1378	720.778034	131.0
1379	721.104001	156.0
1380	721.429923	130.0
1381	721.755799	130.0
1382	722.081631	128.0
1383	722.407417	126.0
1384	722.733158	126.0
1385	723.058854	130.0
1386	723.384505	162.0
1387	723.710111	130.0
1388	724.035671	135.0
1389	724.361187	129.0
1390	724.686657	124.0
1391	725.012081	126.0
1392	725.337461	122.0
1393	725.662795	139.0
1394	725.988084	138.0
1395	726.313328	130.0
1396	726.638527	129.0
1397	726.96368	131.0
1398	727.288788	125.0
1399	727.613851	124.0
1400	727.938868	124.0
1401	728.26384	125.0
1402	728.588767	132.0
1403	728.913648	135.0
1404	729.238484	136.0
1405	729.563275	130.0
1406	729.88802	130.0
1407	730.21272	126.0
1408	730.537375	135.0
1409	730.861984	128.0
1410	731.186548	128.0
1411	731.511066	129.0
1412	731.835539	128.0
1413	732.159967	154.0
1414	732.484349	138.0
1415	732.808685	136.0
1416	733.132977	131.0
1417	733.457222	125.0
1418	733.781423	133.0
1419	734.105577	138.0
1420	734.429687	129.0
1421	734.75375	134.0
1422	735.077769	126.0
1423	735.401741	123.0
1424	735.725669	133.0
1425	736.04955	132.0
1426	736.373387	127.0
1427	736.697177	123.0
1428	737.020922	125.0
1429	737.344622	128.0
1430	737.668275	129.0
1431	737.991884	126.0
1432	738.315446	148.0
1433	738.638963	128.0
1434	738.962435	126.0
1435	739.285861	127.0
1436	739.609241	126.0
1437	739.932575	138.0
1438	740.255864	129.0
1439	740.579107	127.0
1440	740.902305	129.0
1441	741.225457	128.0
1442	741.548563	122.0
1443	741.871623	130.0
1444	742.194638	131.0
1445	742.517607	124.0
1446	742.84053	124.0
1447	743.163408	134.0
1448	743.48624	128.0
1449	743.809026	130.0
1450	744.131766	129.0
1451	744.45446	131.0
1452	744.777109	134.0
1453	745.099712	132.0
1454	745.422269	127.0
1455	745.74478	128.0
1456	746.067246	127.0
1457	746.389665	134.0
1458	746.712039	126.0
1459	747.034367	134.0
1460	747.356649	134.0
1461	747.678885	137.0
1462	748.001076	127.0
1463	748.32322	128.0
1464	748.645319	126.0
1465	748.967371	124.0
1466	749.289378	125.0
1467	749.611339	130.0
1468	749.933254	129.0
1469	750.255123	134.0
1470	750.576946	132.0
1471	750.898723	127.0
1472	751.220454	125.0
1473	751.542139	125.0
1474	751.863778	134.0
1475	752.185371	127.0
1476	752.506918	124.0
1477	752.828419	128.0
1478	753.149874	129.0
1479	753.471283	135.0
1480	753.792646	126.0
1481	754.113963	132.0
1482	754.435234	134.0
1483	754.756459	130.0
1484	755.077637	133.0
1485	755.39877	127.0
1486	755.719857	128.0
1487	756.040897	126.0
1488	756.361891	136.0
1489	756.682839	133.0
1490	757.003741	128.0
1491	757.324597	131.0
1492	757.645407	126.0
1493	757.966171	127.0
1494	758.286888	127.0
1495	758.607559	133.0
1496	758.928184	133.0
1497	759.248763	132.0
1498	759.569296	130.0
1499	759.889782	138.0
1500	760.210222	126.0
1501	760.530616	124.0
1502	760.850964	129.0
1503	761.171265	134.0
1504	761.491521	126.0
1505	761.811729	128.0
1506	762.131892	132.0
1507	762.452008	129.0
1508	762.772078	128.0
1509	763.092102	125.0
1510	763.41208	125.0
1511	763.732011	132.0
1512	764.051895	132.0
1513	764.371734	125.0
1514	764.691526	125.0
1515	765.011272	128.0
1516	765.330971	126.0
1517	765.650624	125.0
1518	765.97023	126.0
1519	766.28979	124.0
1520	766.609304	136.0
1521	766.928771	159.0
1522	767.248192	129.0
1523	767.567567	126.0
1524	767.886895	136.0
1525	768.206176	126.0
1526	768.525411	130.0
1527	768.8446	126.0
1528	769.163742	122.0
1529	769.482838	126.0
1530	769.801887	129.0
1531	770.120889	125.0
1532	770.439845	125.0
1533	770.758755	130.0
1534	771.077618	126.0
1535	771.396435	128.0
1536	771.715204	130.0
1537	772.033928	127.0
1538	772.352605	132.0
1539	772.671235	127.0
1540	772.989818	127.0
1541	773.308355	131.0
1542	773.626846	129.0
1543	773.945289	129.0
1544	774.263687	126.0
1545	774.582037	124.0
1546	774.900341	129.0
1547	775.218598	126.0
1548	775.536809	131.0
1549	775.854972	128.0
1550	776.17309	132.0
1551	776.49116	125.0
1552	776.809184	133.0
1553	777.127161	134.0
1554	777.445091	134.0
1555	777.762975	128.0
1556	778.080811	135.0
1557	778.398602	134.0
1558	778.716345	126.0
1559	779.034041	131.0
1560	779.351691	127.0
1561	779.669294	149.0
1562	779.98685	138.0
1563	780.30436	127.0
1564	780.621822	128.0
1565	780.939238	129.0
1566	781.256607	135.0
1567	781.573929	133.0
1568	781.891204	137.0
1569	782.208433	133.0
1570	782.525614	136.0
1571	782.842749	132.0
1572	783.159837	133.0
1573	783.476878	128.0
1574	783.793871	131.0
1575	784.110818	126.0
1576	784.427719	136.0
1577	784.744572	130.0
1578	785.061378	128.0
1579	785.378137	131.0
1580	785.69485	126.0
1581	786.011515	126.0
1582	786.328133	125.0
1583	786.644705	128.0
1584	786.961229	134.0
1585	787.277706	151.0
1586	787.594137	136.0
1587	787.91052	134.0
1588	788.226856	132.0
1589	788.543146	124.0
1590	788.859388	131.0
1591	789.175583	133.0
1592	789.491731	141.0
1593	789.807832	126.0
1594	790.123886	122.0
1595	790.439893	128.0
1596	790.755852	138.0
1597	791.071765	128.0
1598	791.38763	132.0
1599	791.703449	175.0
1600	792.01922	132.0
1601	792.334944	135.0
1602	792.65062	127.0
1603	792.96625	129.0
1604	793.281833	132.0
1605	793.597368	135.0
1606	793.912856	136.0
1607	794.228297	127.0
1608	794.543691	142.0
1609	794.859037	128.0
1610	795.174336	131.0
1611	795.489588	124.0
1612	795.804793	125.0
1613	796.11995	128.0
1614	796.43506	128.0
1615	796.750123	127.0
1616	797.065139	123.0
1617	797.380107	123.0
1618	797.695028	126.0
1619	798.009902	126.0
1620	798.324728	129.0
1621	798.639507	125.0
1622	798.954239	129.0
1623	799.268923	132.0
1624	799.58356	136.0
1625	799.89815	127.0
1626	800.212692	137.0
1627	800.527187	129.0
1628	800.841634	127.0
1629	801.156034	128.0
1630	801.470386	129.0
1631	801.784692	130.0
1632	802.098949	132.0
1633	802.413159	140.0
1634	802.727322	133.0
1635	803.041438	132.0
1636	803.355505	127.0
1637	803.669526	128.0
1638	803.983499	134.0
1639	804.297424	134.0
1640	804.611302	132.0
1641	804.925132	134.0
1642	805.238915	133.0
1643	805.55265	132.0
1644	805.866338	131.0
1645	806.179978	131.0
1646	806.49357	134.0
1647	806.807115	127.0
1648	807.120613	132.0
1649	807.434063	138.0
1650	807.747465	131.0
1651	808.060819	133.0
1652	808.374126	135.0
1653	808.687386	189.0
1654	809.000597	130.0
1655	809.313761	138.0
1656	809.626878	138.0
1657	809.939947	131.0
1658	810.252968	161.0
1659	810.565941	180.0
1660	810.878867	132.0
1661	811.191745	133.0
1662	811.504575	129.0
1663	811.817357	138.0
1664	812.130092	130.0
1665	812.442779	134.0
1666	812.755419	134.0
1667	813.06801	139.0
1668	813.380554	138.0
1669	813.69305	169.0
1670	814.005498	131.0
1671	814.317898	128.0
1672	814.630251	134.0
1673	814.942556	130.0
1674	815.254813	135.0
1675	815.567022	144.0
1676	815.879183	138.0
1677	816.191297	142.0
1678	816.503362	216.0
1679	816.81538	131.0
1680	817.12735	128.0
1681	817.439272	129.0
1682	817.751146	132.0
1683	818.062972	128.0
1684	818.37475	132.0
1685	818.68648	137.0
1686	818.998163	130.0
1687	819.309797	126.0
1688	819.621383	125.0
1689	819.932922	133.0
1690	820.244412	137.0
1691	820.555855	137.0
1692	820.86725	129.0
1693	821.178596	128.0
1694	821.489895	133.0
1695	821.801145	135.0
1696	822.112348	131.0
1697	822.423502	131.0
1698	822.734609	126.0
1699	823.045667	132.0
1700	823.356677	139.0
1701	823.667639	140.0
1702	823.978554	139.0
1703	824.28942	136.0
1704	824.600238	130.0
1705	824.911007	132.0
1706	825.221729	134.0
1707	825.532403	133.0
1708	825.843028	129.0
1709	826.153606	131.0
1710	826.464135	129.0
1711	826.774616	133.0
1712	827.085049	136.0
1713	827.395433	128.0
1714	827.70577	134.0
1715	828.016058	133.0
1716	828.326298	138.0
1717	828.63649	177.0
1718	828.946633	134.0
1719	829.256729	133.0
1720	829.566776	139.0
1721	829.876775	134.0
1722	830.186725	135.0
1723	830.496628	132.0
1724	830.806482	128.0
1725	831.116287	130.0
1726	831.426045	137.0
1727	831.735754	134.0
1728	832.045415	126.0
1729	832.355027	132.0
1730	832.664591	130.0
1731	832.974107	140.0
1732	833.283575	131.0
1733	833.592994	135.0
1734	833.902364	133.0
1735	834.211687	129.0
1736	834.520961	131.0
1737	834.830186	136.0
1738	835.139363	134.0
1739	835.448492	132.0
1740	835.757572	143.0
1741	836.066604	135.0
1742	836.375587	159.0
1743	836.684522	134.0
1744	836.993409	130.0
1745	837.302247	130.0
1746	837.611036	130.0
1747	837.919777	130.0
1748	838.228469	128.0
1749	838.537113	127.0
1750	838.845709	176.0
1751	839.154256	130.0
1752	839.462754	132.0
1753	839.771204	167.0
1754	840.079605	128.0
1755	840.387958	133.0
1756	840.696262	126.0
1757	841.004518	132.0
1758	841.312724	128.0
1759	841.620883	134.0
1760	841.928992	131.0
1761	842.237054	127.0
1762	842.545066	139.0
1763	842.85303	130.0
1764	843.160945	142.0
1765	843.468811	125.0
1766	843.776629	124.0
1767	844.084398	130.0
1768	844.392119	130.0
1769	844.699791	128.0
1770	845.007414	124.0
1771	845.314988	176.0
1772	845.622514	130.0
1773	845.929991	123.0
1774	846.237419	123.0
1775	846.544798	174.0
1776	846.852129	133.0
1777	847.159411	135.0
1778	847.466644	128.0
1779	847.773828	127.0
1780	848.080964	135.0
1781	848.38805	126.0
1782	848.695088	133.0
1783	849.002077	132.0
1784	849.309017	136.0
1785	849.615909	132.0
1786	849.922751	138.0
1787	850.229545	128.0
1788	850.53629	135.0
1789	850.842986	144.0
1790	851.149633	128.0
1791	851.456231	123.0
1792	851.76278	126.0
1793	852.06928	127.0
1794	852.375732	122.0
1795	852.682134	125.0
1796	852.988488	131.0
1797	853.294792	127.0
1798	853.601048	145.0
1799	853.907254	124.0
1800	854.213412	127.0
1801	854.519521	128.0
1802	854.82558	130.0
1803	855.131591	131.0
1804	855.437552	132.0
1805	855.743465	136.0
1806	856.049328	130.0
1807	856.355143	125.0
1808	856.660908	123.0
1809	856.966625	134.0
1810	857.272292	126.0
1811	857.57791	130.0
1812	857.883479	128.0
1813	858.188999	134.0
1814	858.49447	134.0
1815	858.799892	127.0
1816	859.105265	129.0
1817	859.410588	134.0
1818	859.715863	127.0
1819	860.021088	133.0
1820	860.326264	139.0
1821	860.631391	128.0
1822	860.936469	137.0
1823	861.241497	133.0
1824	861.546476	127.0
1825	861.851407	139.0
1826	862.156287	127.0
1827	862.461119	125.0
1828	862.765901	124.0
1829	863.070635	134.0
1830	863.375319	134.0
1831	863.679953	128.0
1832	863.984539	130.0
1833	864.289075	129.0
1834	864.593561	126.0
1835	864.897999	123.0
1836	865.202387	128.0
1837	865.506726	129.0
1838	865.811015	126.0
1839	866.115256	129.0
1840	866.419446	125.0
1841	866.723588	128.0
1842	867.02768	125.0
1843	867.331723	124.0
1844	867.635716	128.0
1845	867.93966	146.0
1846	868.243555	132.0
1847	868.5474	126.0
1848	868.851195	131.0
1849	869.154942	132.0
1850	869.458639	135.0
1851	869.762286	129.0
1852	870.065884	124.0
1853	870.369432	126.0
1854	870.672931	122.0
1855	870.976381	127.0
1856	871.279781	122.0
1857	871.583131	126.0
1858	871.886432	134.0
1859	872.189684	130.0
1860	872.492886	144.0
1861	872.796038	127.0
1862	873.099141	130.0
1863	873.402194	127.0
1864	873.705198	128.0
1865	874.008152	133.0
1866	874.311057	132.0
1867	874.613911	130.0
1868	874.916717	134.0
1869	875.219473	134.0
1870	875.522179	127.0
1871	875.824835	129.0
1872	876.127442	129.0
1873	876.429999	127.0
1874	876.732507	129.0
1875	877.034964	132.0
1876	877.337373	127.0
1877	877.639731	124.0
1878	877.94204	124.0
1879	878.244299	185.0
1880	878.546508	130.0
1881	878.848668	128.0
1882	879.150778	126.0
1883	879.452838	131.0
1884	879.754848	127.0
1885	880.056809	197.0
1886	880.35872	133.0
1887	880.660581	136.0
1888	880.962392	129.0
1889	881.264154	127.0
1890	881.565865	131.0
1891	881.867527	128.0
1892	882.169139	124.0
1893	882.470702	127.0
1894	882.772214	137.0
1895	883.073676	132.0
1896	883.375089	126.0
1897	883.676452	131.0
1898	883.977765	131.0
1899	884.279028	139.0
1900	884.580241	129.0
1901	884.881404	127.0
1902	885.182517	129.0
1903	885.483581	132.0
1904	885.784594	134.0
1905	886.085557	130.0
1906	886.386471	137.0
1907	886.687335	131.0
1908	886.988148	127.0
1909	887.288912	136.0
1910	887.589625	128.0
1911	887.890289	130.0
1912	888.190903	128.0
1913	888.491466	125.0
1914	888.79198	127.0
1915	889.092443	139.0
1916	889.392857	129.0
1917	889.69322	126.0
1918	889.993533	123.0
1919	890.293797	128.0
1920	890.59401	125.0
1921	890.894173	159.0
1922	891.194286	128.0
1923	891.494349	127.0
1924	891.794361	130.0
1925	892.094324	128.0
1926	892.394237	124.0
1927	892.694099	134.0
1928	892.993911	128.0
1929	893.293673	128.0
1930	893.593385	133.0
1931	893.893047	126.0
1932	894.192658	124.0
1933	894.492219	131.0
1934	894.79173	126.0
1935	895.091191	137.0
1936	895.390602	129.0
1937	895.689962	129.0
1938	895.989272	130.0
1939	896.288532	136.0
1940	896.587742	125.0
1941	896.886901	155.0
1942	897.18601	128.0
1943	897.485069	126.0
1944	897.784077	123.0
1945	898.083035	134.0
1946	898.381943	134.0
1947	898.680801	126.0
1948	898.979608	160.0
1949	899.278364	128.0
1950	899.577071	128.0
1951	899.875727	126.0
1952	900.174333	128.0
1953	900.472888	125.0
1954	900.771393	127.0
1955	901.069847	124.0
1956	901.368251	137.0
1957	901.666605	133.0
1958	901.964908	124.0
1959	902.263161	127.0
1960	902.561363	128.0
1961	902.859515	132.0
1962	903.157616	152.0
1963	903.455667	133.0
1964	903.753668	150.0
1965	904.051618	128.0
1966	904.349517	125.0
1967	904.647366	181.0
1968	904.945164	131.0
1969	905.242912	130.0
1970	905.54061	128.0
1971	905.838256	137.0
1972	906.135853	128.0
1973	906.433398	126.0
1974	906.730893	126.0
1975	907.028338	122.0
1976	907.325731	130.0
1977	907.623075	124.0
1978	907.920367	124.0
1979	908.217609	127.0
1980	908.514801	128.0
1981	908.811941	122.0
1982	909.109032	134.0
1983	909.406071	123.0
1984	909.70306	129.0
1985	909.999998	140.0
1986	910.296885	128.0
1987	910.593722	128.0
1988	910.890508	125.0
1989	911.187243	126.0
1990	911.483928	132.0
1991	911.780561	127.0
1992	912.077144	132.0
1993	912.373677	130.0
1994	912.670158	126.0
1995	912.966589	125.0
1996	913.262969	136.0
1997	913.559298	134.0
1998	913.855577	128.0
1999	914.151804	125.0
2000	914.447981	126.0
2001	914.744107	126.0
2002	915.040182	135.0
2003	915.336206	240.0
2004	915.63218	203.0
2005	915.928102	142.0
2006	916.223974	137.0
2007	916.519794	130.0
2008	916.815564	132.0
2009	917.111283	132.0
2010	917.406951	125.0
2011	917.702569	128.0
2012	917.998135	128.0
2013	918.29365	129.0
2014	918.589114	125.0
2015	918.884528	126.0
2016	919.17989	122.0
2017	919.475202	124.0
2018	919.770462	124.0
2019	920.065672	127.0
2020	920.36083	126.0
2021	920.655938	127.0
2022	920.950994	125.0
2023	921.245999	124.0
2024	921.540954	127.0
2025	921.835857	137.0
2026	922.130709	127.0
2027	922.425511	125.0
2028	922.720261	128.0
2029	923.01496	127.0
2030	923.309608	123.0
2031	923.604205	134.0
2032	923.89875	136.0
2033	924.193245	126.0
2034	924.487688	124.0
2035	924.782081	124.0
2036	925.076422	128.0
2037	925.370712	124.0
2038	925.664951	167.0
2039	925.959139	129.0
2040	926.253275	124.0
