	wavelength	counts
0	232.734922	143.0
1	233.114346	130.0
2	233.493737	121.0
3	233.873095	117.0
4	234.252421	123.0
5	234.631715	121.0
6	235.010976	121.0
7	235.390204	123.0
8	235.7694	134.0
9	236.148564	125.0
10	236.527695	134.0
11	236.906793	127.0
12	237.285859	121.0
13	237.664892	123.0
14	238.043893	128.0
15	238.422861	119.0
16	238.801796	125.0
17	239.180699	124.0
18	239.559569	125.0
19	239.938407	121.0
20	240.317212	126.0
21	240.695984	125.0
22	241.074724	130.0
23	241.453431	128.0
24	241.832105	127.0
25	242.210747	130.0
26	242.589356	128.0
27	242.967932	127.0
28	243.346476	127.0
29	243.724986	134.0
30	244.103465	134.0
31	244.48191	160.0
32	244.860323	132.0
33	245.238702	134.0
34	245.61705	130.0
35	245.995364	124.0
36	246.373645	127.0
37	246.751894	124.0
38	247.13011	126.0
39	247.508293	130.0
40	247.886444	128.0
41	248.264561	138.0
42	248.642646	130.0
43	249.020698	130.0
44	249.398717	128.0
45	249.776703	135.0
46	250.154656	177.0
47	250.532576	130.0
48	250.910464	129.0
49	251.288318	151.0
50	251.66614	141.0
51	252.043929	133.0
52	252.421684	129.0
53	252.799407	172.0
54	253.177097	136.0
55	253.554754	126.0
56	253.932378	125.0
57	254.309969	128.0
58	254.687527	139.0
59	255.065052	147.0
60	255.442544	129.0
61	255.820003	130.0
62	256.197429	154.0
63	256.574822	129.0
64	256.952182	129.0
65	257.329509	129.0
66	257.706803	126.0
67	258.084063	134.0
68	258.461291	128.0
69	258.838486	134.0
70	259.215647	130.0
71	259.592775	129.0
72	259.969871	125.0
73	260.346933	124.0
74	260.723962	129.0
75	261.100958	129.0
76	261.47792	146.0
77	261.85485	140.0
78	262.231746	128.0
79	262.60861	132.0
80	262.98544	127.0
81	263.362236	127.0
82	263.739	126.0
83	264.115731	128.0
84	264.492428	125.0
85	264.869092	130.0
86	265.245722	132.0
87	265.62232	124.0
88	265.998884	182.0
89	266.375415	141.0
90	266.751913	131.0
91	267.128377	126.0
92	267.504808	130.0
93	267.881206	128.0
94	268.25757	128.0
95	268.633901	187.0
96	269.010199	132.0
97	269.386464	128.0
98	269.762695	130.0
99	270.138892	137.0
100	270.515057	131.0
101	270.891188	127.0
102	271.267285	123.0
103	271.64335	128.0
104	272.01938	131.0
105	272.395378	125.0
106	272.771342	126.0
107	273.147272	132.0
108	273.523169	130.0
109	273.899033	130.0
110	274.274863	129.0
111	274.65066	128.0
112	275.026423	127.0
113	275.402153	128.0
114	275.777849	131.0
115	276.153512	124.0
116	276.529141	128.0
117	276.904737	130.0
118	277.280299	126.0
119	277.655827	131.0
120	278.031322	148.0
121	278.406784	128.0
122	278.782212	130.0
123	279.157606	143.0
124	279.532967	131.0
125	279.908294	127.0
126	280.283587	131.0
127	280.658847	128.0
128	281.034074	126.0
129	281.409266	124.0
130	281.784425	131.0
131	282.15955	167.0
132	282.534642	160.0
133	282.9097	130.0
134	283.284724	124.0
135	283.659715	129.0
136	284.034672	131.0
137	284.409595	132.0
138	284.784485	127.0
139	285.15934	131.0
140	285.534162	123.0
141	285.908951	133.0
142	286.283705	129.0
143	286.658426	129.0
144	287.033113	131.0
145	287.407766	135.0
146	287.782386	128.0
147	288.156971	133.0
148	288.531523	132.0
149	288.906041	127.0
150	289.280525	128.0
151	289.654975	128.0
152	290.029392	128.0
153	290.403775	129.0
154	290.778123	126.0
155	291.152438	127.0
156	291.526719	127.0
157	291.900966	124.0
158	292.275179	127.0
159	292.649359	132.0
160	293.023504	130.0
161	293.397615	132.0
162	293.771693	129.0
163	294.145736	127.0
164	294.519746	132.0
165	294.893722	130.0
166	295.267663	129.0
167	295.641571	134.0
168	296.015444	128.0
169	296.389284	128.0
170	296.76309	128.0
171	297.136861	129.0
172	297.510599	125.0
173	297.884302	123.0
174	298.257972	122.0
175	298.631607	126.0
176	299.005209	127.0
177	299.378776	124.0
178	299.752309	133.0
179	300.125808	128.0
180	300.499273	154.0
181	300.872704	126.0
182	301.246101	125.0
183	301.619463	128.0
184	301.992792	133.0
185	302.366086	129.0
186	302.739346	129.0
187	303.112572	127.0
188	303.485764	161.0
189	303.858922	128.0
190	304.232045	126.0
191	304.605135	130.0
192	304.97819	128.0
193	305.35121	124.0
194	305.724197	129.0
195	306.097149	127.0
196	306.470067	129.0
197	306.842951	131.0
198	307.215801	132.0
199	307.588616	128.0
200	307.961397	124.0
201	308.334144	128.0
202	308.706856	131.0
203	309.079534	130.0
204	309.452178	131.0
205	309.824787	131.0
206	310.197362	127.0
207	310.569903	125.0
208	310.942409	129.0
209	311.314881	125.0
210	311.687319	127.0
211	312.059722	138.0
212	312.432091	134.0
213	312.804425	127.0
214	313.176725	127.0
215	313.54899	135.0
216	313.921222	125.0
217	314.293418	125.0
218	314.66558	129.0
219	315.037708	128.0
220	315.409801	133.0
221	315.78186	128.0
222	316.153884	121.0
223	316.525874	128.0
224	316.89783	129.0
225	317.26975	126.0
226	317.641637	132.0
227	318.013488	131.0
228	318.385305	127.0
229	318.757088	138.0
230	319.128836	126.0
231	319.500549	126.0
232	319.872228	129.0
233	320.243873	128.0
234	320.615482	135.0
235	320.987057	128.0
236	321.358598	126.0
237	321.730104	126.0
238	322.101575	130.0
239	322.473011	130.0
240	322.844413	159.0
241	323.215781	131.0
242	323.587113	128.0
243	323.958411	131.0
244	324.329674	134.0
245	324.700903	133.0
246	325.072096	128.0
247	325.443255	129.0
248	325.81438	124.0
249	326.185469	153.0
250	326.556524	131.0
251	326.927544	140.0
252	327.298529	128.0
253	327.66948	134.0
254	328.040396	139.0
255	328.411277	128.0
256	328.782123	124.0
257	329.152934	130.0
258	329.523711	136.0
259	329.894452	132.0
260	330.265159	130.0
261	330.635831	134.0
262	331.006468	126.0
263	331.377071	129.0
264	331.747638	128.0
265	332.118171	172.0
266	332.488668	134.0
267	332.859131	127.0
268	333.229559	127.0
269	333.599951	137.0
270	333.970309	132.0
271	334.340632	129.0
272	334.71092	127.0
273	335.081174	130.0
274	335.451392	140.0
275	335.821575	128.0
276	336.191723	120.0
277	336.561836	129.0
278	336.931914	132.0
279	337.301957	129.0
280	337.671966	126.0
281	338.041939	132.0
282	338.411877	128.0
283	338.78178	137.0
284	339.151648	130.0
285	339.521481	132.0
286	339.891278	128.0
287	340.261041	129.0
288	340.630769	129.0
289	341.000461	137.0
290	341.370119	130.0
291	341.739741	128.0
292	342.109328	130.0
293	342.47888	126.0
294	342.848397	135.0
295	343.217878	135.0
296	343.587325	130.0
297	343.956736	130.0
298	344.326112	131.0
299	344.695453	133.0
300	345.064759	128.0
301	345.43403	135.0
302	345.803265	139.0
303	346.172465	131.0
304	346.54163	137.0
305	346.910759	126.0
306	347.279854	126.0
307	347.648913	154.0
308	348.017936	140.0
309	348.386925	130.0
310	348.755878	130.0
311	349.124796	159.0
312	349.493678	132.0
313	349.862526	130.0
314	350.231337	126.0
315	350.600114	127.0
316	350.968855	136.0
317	351.337561	132.0
318	351.706231	127.0
319	352.074866	124.0
320	352.443466	126.0
321	352.81203	127.0
322	353.180559	127.0
323	353.549053	134.0
324	353.917511	132.0
325	354.285933	127.0
326	354.65432	133.0
327	355.022672	132.0
328	355.390988	128.0
329	355.759269	125.0
330	356.127514	128.0
331	356.495724	129.0
332	356.863898	131.0
333	357.232037	127.0
334	357.60014	130.0
335	357.968208	132.0
336	358.33624	133.0
337	358.704237	132.0
338	359.072198	126.0
339	359.440123	127.0
340	359.808013	125.0
341	360.175867	129.0
342	360.543686	168.0
343	360.911469	132.0
344	361.279217	130.0
345	361.646929	126.0
346	362.014605	127.0
347	362.382246	134.0
348	362.749851	131.0
349	363.11742	138.0
350	363.484954	138.0
351	363.852452	130.0
352	364.219914	130.0
353	364.587341	132.0
354	364.954732	130.0
355	365.322087	131.0
356	365.689406	129.0
357	366.05669	129.0
358	366.423938	127.0
359	366.79115	131.0
360	367.158327	128.0
361	367.525468	129.0
362	367.892573	129.0
363	368.259642	129.0
364	368.626675	127.0
365	368.993673	130.0
366	369.360634	127.0
367	369.72756	127.0
368	370.094451	126.0
369	370.461305	127.0
370	370.828123	144.0
371	371.194906	130.0
372	371.561653	128.0
373	371.928363	125.0
374	372.295038	132.0
375	372.661677	132.0
376	373.02828	135.0
377	373.394848	130.0
378	373.761379	132.0
379	374.127874	131.0
380	374.494334	123.0
381	374.860757	133.0
382	375.227145	129.0
383	375.593496	130.0
384	375.959812	134.0
385	376.326091	125.0
386	376.692335	133.0
387	377.058543	129.0
388	377.424714	132.0
389	377.79085	128.0
390	378.156949	128.0
391	378.523013	128.0
392	378.88904	126.0
393	379.255031	127.0
394	379.620987	129.0
395	379.986906	133.0
396	380.352789	130.0
397	380.718636	126.0
398	381.084447	127.0
399	381.450222	127.0
400	381.81596	131.0
401	382.181663	130.0
402	382.547329	136.0
403	382.91296	129.0
404	383.278554	124.0
405	383.644111	128.0
406	384.009633	132.0
407	384.375119	125.0
408	384.740568	128.0
409	385.105981	123.0
410	385.471358	128.0
411	385.836699	127.0
412	386.202003	130.0
413	386.567271	157.0
414	386.932503	136.0
415	387.297699	127.0
416	387.662858	128.0
417	388.027982	131.0
418	388.393068	129.0
419	388.758119	125.0
420	389.123133	123.0
421	389.488111	128.0
422	389.853053	170.0
423	390.217958	132.0
424	390.582827	129.0
425	390.947659	127.0
426	391.312456	127.0
427	391.677215	129.0
428	392.041939	127.0
429	392.406626	128.0
430	392.771277	126.0
431	393.135891	133.0
432	393.500469	141.0
433	393.86501	132.0
434	394.229515	127.0
435	394.593983	129.0
436	394.958415	132.0
437	395.322811	132.0
438	395.68717	129.0
439	396.051493	130.0
440	396.415779	128.0
441	396.780028	128.0
442	397.144242	130.0
443	397.508418	124.0
444	397.872558	127.0
445	398.236662	125.0
446	398.600729	130.0
447	398.964759	129.0
448	399.328753	126.0
449	399.69271	133.0
450	400.056631	126.0
451	400.420515	129.0
452	400.784363	127.0
453	401.148174	136.0
454	401.511948	128.0
455	401.875685	126.0
456	402.239386	128.0
457	402.603051	131.0
458	402.966678	131.0
459	403.330269	133.0
460	403.693824	133.0
461	404.057342	124.0
462	404.420822	127.0
463	404.784267	128.0
464	405.147674	126.0
465	405.511045	127.0
466	405.874379	126.0
467	406.237677	126.0
468	406.600937	126.0
469	406.964161	129.0
470	407.327348	124.0
471	407.690498	132.0
472	408.053612	129.0
473	408.416689	129.0
474	408.779729	161.0
475	409.142732	134.0
476	409.505698	130.0
477	409.868627	128.0
478	410.23152	128.0
479	410.594376	128.0
480	410.957195	129.0
481	411.319977	126.0
482	411.682722	126.0
483	412.04543	125.0
484	412.408101	129.0
485	412.770736	124.0
486	413.133333	122.0
487	413.495894	129.0
488	413.858418	130.0
489	414.220905	126.0
490	414.583354	123.0
491	414.945767	125.0
492	415.308143	135.0
493	415.670482	125.0
494	416.032784	123.0
495	416.395049	131.0
496	416.757277	129.0
497	417.119467	135.0
498	417.481621	129.0
499	417.843738	146.0
500	418.205818	129.0
501	418.567861	125.0
502	418.929866	127.0
503	419.291835	130.0
504	419.653766	128.0
505	420.015661	129.0
506	420.377518	125.0
507	420.739338	132.0
508	421.101121	133.0
509	421.462867	124.0
510	421.824576	124.0
511	422.186248	125.0
512	422.547882	127.0
513	422.90948	133.0
514	423.27104	129.0
515	423.632563	136.0
516	423.994049	125.0
517	424.355497	170.0
518	424.716909	130.0
519	425.078283	130.0
520	425.43962	148.0
521	425.80092	127.0
522	426.162182	129.0
523	426.523407	132.0
524	426.884595	126.0
525	427.245746	126.0
526	427.60686	133.0
527	427.967936	125.0
528	428.328975	122.0
529	428.689976	127.0
530	429.05094	120.0
531	429.411867	123.0
532	429.772757	129.0
533	430.133609	133.0
534	430.494424	132.0
535	430.855201	128.0
536	431.215941	132.0
537	431.576644	131.0
538	431.937309	158.0
539	432.297937	132.0
540	432.658528	133.0
541	433.019081	137.0
542	433.379596	129.0
543	433.740075	128.0
544	434.100515	130.0
545	434.460919	133.0
546	434.821284	133.0
547	435.181613	134.0
548	435.541904	129.0
549	435.902157	130.0
550	436.262373	128.0
551	436.622551	132.0
552	436.982692	135.0
553	437.342796	128.0
554	437.702861	134.0
555	438.06289	132.0
556	438.42288	138.0
557	438.782833	140.0
558	439.142749	139.0
559	439.502627	137.0
560	439.862467	132.0
561	440.22227	134.0
562	440.582035	128.0
563	440.941763	133.0
564	441.301453	135.0
565	441.661105	136.0
566	442.020719	137.0
567	442.380296	136.0
568	442.739836	137.0
569	443.099337	136.0
570	443.458801	134.0
571	443.818227	137.0
572	444.177616	135.0
573	444.536967	138.0
574	444.89628	143.0
575	445.255555	145.0
576	445.614793	187.0
577	445.973992	137.0
578	446.333154	135.0
579	446.692279	139.0
580	447.051365	136.0
581	447.410414	134.0
582	447.769425	139.0
583	448.128398	136.0
584	448.487334	137.0
585	448.846231	150.0
586	449.205091	142.0
587	449.563913	141.0
588	449.922697	192.0
589	450.281443	144.0
590	450.640151	133.0
591	450.998821	139.0
592	451.357454	136.0
593	451.716048	134.0
594	452.074605	134.0
595	452.433124	138.0
596	452.791605	138.0
597	453.150048	141.0
598	453.508452	140.0
599	453.86682	133.0
600	454.225149	135.0
601	454.58344	135.0
602	454.941693	138.0
603	455.299908	134.0
604	455.658085	134.0
605	456.016224	136.0
606	456.374325	134.0
607	456.732388	133.0
608	457.090413	134.0
609	457.4484	144.0
610	457.806349	140.0
611	458.16426	169.0
612	458.522133	138.0
613	458.879967	138.0
614	459.237764	133.0
615	459.595523	136.0
616	459.953243	131.0
617	460.310925	135.0
618	460.668569	131.0
619	461.026175	135.0
620	461.383743	133.0
621	461.741273	135.0
622	462.098765	130.0
623	462.456218	132.0
624	462.813633	132.0
625	463.17101	134.0
626	463.528349	179.0
627	463.88565	133.0
628	464.242912	130.0
629	464.600136	133.0
630	464.957322	132.0
631	465.31447	131.0
632	465.671579	271.0
633	466.02865	135.0
634	466.385683	129.0
635	466.742678	136.0
636	467.099634	137.0
637	467.456552	135.0
638	467.813432	135.0
639	468.170273	132.0
640	468.527076	136.0
641	468.883841	132.0
642	469.240567	131.0
643	469.597255	133.0
644	469.953905	131.0
645	470.310516	130.0
646	470.667089	143.0
647	471.023624	133.0
648	471.38012	132.0
649	471.736577	135.0
650	472.092997	147.0
651	472.449377	138.0
652	472.80572	132.0
653	473.162024	134.0
654	473.518289	129.0
655	473.874516	133.0
656	474.230705	136.0
657	474.586855	134.0
658	474.942966	131.0
659	475.299039	133.0
660	475.655074	130.0
661	476.01107	126.0
662	476.367027	134.0
663	476.722946	134.0
664	477.078827	130.0
665	477.434669	135.0
666	477.790472	140.0
667	478.146237	131.0
668	478.501963	149.0
669	478.85765	132.0
670	479.213299	132.0
671	479.568909	129.0
672	479.924481	133.0
673	480.280014	132.0
674	480.635508	138.0
675	480.990964	135.0
676	481.346381	137.0
677	481.70176	130.0
678	482.057099	133.0
679	482.4124	128.0
680	482.767663	130.0
681	483.122886	128.0
682	483.478071	136.0
683	483.833218	140.0
684	484.188325	135.0
685	484.543394	141.0
686	484.898424	135.0
687	485.253415	134.0
688	485.608367	129.0
689	485.963281	132.0
690	486.318156	131.0
691	486.672992	132.0
692	487.027789	130.0
693	487.382548	129.0
694	487.737267	131.0
695	488.091948	134.0
696	488.44659	153.0
697	488.801193	139.0
698	489.155758	136.0
699	489.510283	144.0
700	489.864769	134.0
701	490.219217	168.0
702	490.573626	140.0
703	490.927995	135.0
704	491.282326	133.0
705	491.636618	136.0
706	491.990871	133.0
707	492.345085	139.0
708	492.699261	143.0
709	493.053397	132.0
710	493.407494	131.0
711	493.761552	138.0
712	494.115571	137.0
713	494.469552	140.0
714	494.823493	138.0
715	495.177395	137.0
716	495.531258	139.0
717	495.885082	139.0
718	496.238867	136.0
719	496.592613	133.0
720	496.94632	136.0
721	497.299988	137.0
722	497.653617	140.0
723	498.007207	142.0
724	498.360757	143.0
725	498.714269	137.0
726	499.067741	142.0
727	499.421174	136.0
728	499.774569	136.0
729	500.127924	135.0
730	500.481239	133.0
731	500.834516	140.0
732	501.187754	139.0
733	501.540952	134.0
734	501.894111	139.0
735	502.247231	147.0
736	502.600312	141.0
737	502.953353	134.0
738	503.306355	136.0
739	503.659318	143.0
740	504.012242	166.0
741	504.365126	141.0
742	504.717972	144.0
743	505.070778	140.0
744	505.423544	138.0
745	505.776272	139.0
746	506.12896	146.0
747	506.481609	134.0
748	506.834218	141.0
749	507.186788	179.0
750	507.539319	147.0
751	507.89181	136.0
752	508.244262	139.0
753	508.596675	137.0
754	508.949048	172.0
755	509.301382	146.0
756	509.653677	144.0
757	510.005932	138.0
758	510.358148	143.0
759	510.710324	161.0
760	511.062461	144.0
761	511.414558	147.0
762	511.766616	140.0
763	512.118635	145.0
764	512.470614	149.0
765	512.822554	152.0
766	513.174454	174.0
767	513.526314	142.0
768	513.878135	135.0
769	514.229917	138.0
770	514.581659	140.0
771	514.933362	140.0
772	515.285025	147.0
773	515.636648	136.0
774	515.988232	140.0
775	516.339776	143.0
776	516.691281	143.0
777	517.042746	139.0
778	517.394172	139.0
779	517.745558	136.0
780	518.096904	155.0
781	518.448211	147.0
782	518.799478	140.0
783	519.150705	139.0
784	519.501893	152.0
785	519.853041	144.0
786	520.20415	154.0
787	520.555218	142.0
788	520.906247	146.0
789	521.257237	144.0
790	521.608186	153.0
791	521.959096	173.0
792	522.309967	144.0
793	522.660797	138.0
794	523.011588	141.0
795	523.362339	143.0
796	523.71305	145.0
797	524.063722	142.0
798	524.414353	142.0
799	524.764945	145.0
800	525.115497	141.0
801	525.46601	143.0
802	525.816482	142.0
803	526.166915	143.0
804	526.517308	147.0
805	526.867661	140.0
806	527.217974	140.0
807	527.568247	144.0
808	527.91848	146.0
809	528.268674	144.0
810	528.618828	147.0
811	528.968941	146.0
812	529.319015	145.0
813	529.669049	150.0
814	530.019043	148.0
815	530.368997	145.0
816	530.718911	142.0
817	531.068785	145.0
818	531.418619	139.0
819	531.768414	138.0
820	532.118168	141.0
821	532.467882	139.0
822	532.817556	141.0
823	533.16719	147.0
824	533.516785	145.0
825	533.866339	145.0
826	534.215853	139.0
827	534.565327	143.0
828	534.914761	146.0
829	535.264155	144.0
830	535.613509	141.0
831	535.962823	150.0
832	536.312096	140.0
833	536.66133	145.0
834	537.010523	146.0
835	537.359677	148.0
836	537.70879	143.0
837	538.057863	145.0
838	538.406896	142.0
839	538.755889	145.0
840	539.104842	175.0
841	539.453754	181.0
842	539.802626	149.0
843	540.151458	145.0
844	540.50025	145.0
845	540.849002	155.0
846	541.197713	149.0
847	541.546385	147.0
848	541.895016	149.0
849	542.243606	147.0
850	542.592157	146.0
851	542.940667	147.0
852	543.289137	144.0
853	543.637567	164.0
854	543.985956	147.0
855	544.334305	150.0
856	544.682614	149.0
857	545.030882	147.0
858	545.37911	153.0
859	545.727298	154.0
860	546.075446	148.0
861	546.423553	170.0
862	546.771619	177.0
863	547.119646	150.0
864	547.467631	151.0
865	547.815577	150.0
866	548.163482	153.0
867	548.511347	147.0
868	548.859171	146.0
869	549.206955	147.0
870	549.554698	144.0
871	549.902401	148.0
872	550.250064	148.0
873	550.597686	148.0
874	550.945267	146.0
875	551.292808	148.0
876	551.640309	144.0
877	551.987769	153.0
878	552.335189	148.0
879	552.682568	158.0
880	553.029906	149.0
881	553.377204	157.0
882	553.724461	152.0
883	554.071678	144.0
884	554.418854	157.0
885	554.76599	146.0
886	555.113085	156.0
887	555.46014	146.0
888	555.807154	146.0
889	556.154127	150.0
890	556.50106	145.0
891	556.847952	158.0
892	557.194803	147.0
893	557.541614	148.0
894	557.888384	145.0
895	558.235113	145.0
896	558.581802	151.0
897	558.92845	152.0
898	559.275057	149.0
899	559.621624	145.0
900	559.96815	144.0
901	560.314635	170.0
902	560.661079	151.0
903	561.007483	150.0
904	561.353846	148.0
905	561.700168	152.0
906	562.046449	151.0
907	562.39269	152.0
908	562.73889	154.0
909	563.085049	149.0
910	563.431167	152.0
911	563.777245	145.0
912	564.123281	158.0
913	564.469277	152.0
914	564.815232	148.0
915	565.161146	143.0
916	565.507019	148.0
917	565.852851	153.0
918	566.198643	155.0
919	566.544393	159.0
920	566.890103	152.0
921	567.235772	148.0
922	567.581399	152.0
923	567.926986	146.0
924	568.272532	155.0
925	568.618037	155.0
926	568.963501	148.0
927	569.308924	146.0
928	569.654306	148.0
929	569.999647	150.0
930	570.344948	145.0
931	570.690207	153.0
932	571.035425	151.0
933	571.380602	147.0
934	571.725738	152.0
935	572.070833	149.0
936	572.415887	151.0
937	572.7609	151.0
938	573.105872	153.0
939	573.450803	148.0
940	573.795692	153.0
941	574.140541	145.0
942	574.485348	148.0
943	574.830115	148.0
944	575.17484	149.0
945	575.519524	149.0
946	575.864167	150.0
947	576.208769	157.0
948	576.55333	152.0
949	576.897849	154.0
950	577.242328	149.0
951	577.586765	148.0
952	577.931161	152.0
953	578.275515	149.0
954	578.619829	151.0
955	578.964101	147.0
956	579.308332	148.0
957	579.652522	149.0
958	579.996671	156.0
959	580.340778	153.0
960	580.684844	152.0
961	581.028869	156.0
962	581.372853	151.0
963	581.716795	157.0
964	582.060696	143.0
965	582.404555	150.0
966	582.748374	151.0
967	583.092151	149.0
968	583.435886	148.0
969	583.779581	154.0
970	584.123234	153.0
971	584.466845	151.0
972	584.810415	154.0
973	585.153944	147.0
974	585.497431	152.0
975	585.840877	149.0
976	586.184282	147.0
977	586.527645	162.0
978	586.870967	154.0
979	587.214247	159.0
980	587.557486	152.0
981	587.900683	148.0
982	588.243839	155.0
983	588.586953	152.0
984	588.930026	149.0
985	589.273058	149.0
986	589.616048	151.0
987	589.958996	155.0
988	590.301903	155.0
989	590.644768	154.0
990	590.987592	148.0
991	591.330374	152.0
992	591.673115	194.0
993	592.015814	152.0
994	592.358472	149.0
995	592.701087	152.0
996	593.043662	148.0
997	593.386195	156.0
998	593.728686	162.0
999	594.071135	149.0
1000	594.413543	160.0
1001	594.755909	151.0
1002	595.098234	150.0
1003	595.440517	145.0
1004	595.782758	154.0
1005	596.124957	151.0
1006	596.467115	149.0
1007	596.809231	209.0
1008	597.151306	158.0
1009	597.493339	156.0
1010	597.83533	149.0
1011	598.177279	156.0
1012	598.519186	148.0
1013	598.861052	149.0
1014	599.202876	151.0
1015	599.544658	144.0
1016	599.886399	145.0
1017	600.228097	219.0
1018	600.569754	150.0
1019	600.911369	145.0
1020	601.252942	155.0
1021	601.594474	150.0
1022	601.935963	145.0
1023	602.277411	146.0
1024	602.618817	158.0
1025	602.960181	153.0
1026	603.301503	147.0
1027	603.642783	147.0
1028	603.984022	156.0
1029	604.325218	145.0
1030	604.666373	143.0
1031	605.007485	153.0
1032	605.348556	152.0
1033	605.689585	153.0
1034	606.030571	148.0
1035	606.371516	149.0
1036	606.712419	142.0
1037	607.05328	159.0
1038	607.394099	150.0
1039	607.734876	153.0
1040	608.075611	152.0
1041	608.416304	150.0
1042	608.756955	148.0
1043	609.097563	147.0
1044	609.43813	142.0
1045	609.778655	148.0
1046	610.119138	144.0
1047	610.459578	146.0
1048	610.799977	146.0
1049	611.140333	143.0
1050	611.480648	146.0
1051	611.82092	144.0
1052	612.16115	152.0
1053	612.501338	155.0
1054	612.841484	146.0
1055	613.181588	148.0
1056	613.52165	144.0
1057	613.861669	144.0
1058	614.201647	151.0
1059	614.541582	139.0
1060	614.881475	148.0
1061	615.221325	150.0
1062	615.561134	151.0
1063	615.9009	152.0
1064	616.240624	151.0
1065	616.580306	146.0
1066	616.919946	148.0
1067	617.259543	145.0
1068	617.599098	143.0
1069	617.938611	165.0
1070	618.278082	147.0
1071	618.61751	149.0
1072	618.956896	145.0
1073	619.29624	146.0
1074	619.635541	144.0
1075	619.9748	144.0
1076	620.314017	146.0
1077	620.653191	153.0
1078	620.992323	143.0
1079	621.331413	142.0
1080	621.67046	147.0
1081	622.009465	143.0
1082	622.348428	160.0
1083	622.687348	155.0
1084	623.026226	140.0
1085	623.365061	151.0
1086	623.703854	146.0
1087	624.042604	150.0
1088	624.381312	147.0
1089	624.719978	149.0
1090	625.058601	146.0
1091	625.397182	160.0
1092	625.73572	142.0
1093	626.074215	146.0
1094	626.412669	151.0
1095	626.751079	161.0
1096	627.089447	148.0
1097	627.427773	145.0
1098	627.766056	147.0
1099	628.104297	142.0
1100	628.442494	140.0
1101	628.78065	140.0
1102	629.118763	141.0
1103	629.456833	144.0
1104	629.794861	145.0
1105	630.132846	143.0
1106	630.470788	141.0
1107	630.808688	139.0
1108	631.146545	142.0
1109	631.48436	141.0
1110	631.822132	155.0
1111	632.159861	143.0
1112	632.497548	143.0
1113	632.835192	138.0
1114	633.172793	142.0
1115	633.510351	142.0
1116	633.847867	140.0
1117	634.185341	146.0
1118	634.522771	140.0
1119	634.860159	141.0
1120	635.197504	138.0
1121	635.534806	138.0
1122	635.872065	146.0
1123	636.209282	138.0
1124	636.546456	140.0
1125	636.883587	139.0
1126	637.220676	143.0
1127	637.557721	146.0
1128	637.894724	145.0
1129	638.231684	140.0
1130	638.568601	145.0
1131	638.905475	146.0
1132	639.242307	139.0
1133	639.579095	142.0
1134	639.915841	152.0
1135	640.252544	140.0
1136	640.589204	140.0
1137	640.925821	139.0
1138	641.262395	137.0
1139	641.598926	141.0
1140	641.935414	142.0
1141	642.27186	142.0
1142	642.608262	143.0
1143	642.944622	139.0
1144	643.280938	139.0
1145	643.617212	136.0
1146	643.953442	146.0
1147	644.28963	136.0
1148	644.625775	136.0
1149	644.961876	136.0
1150	645.297935	132.0
1151	645.63395	135.0
1152	645.969923	135.0
1153	646.305853	147.0
1154	646.641739	138.0
1155	646.977582	142.0
1156	647.313383	134.0
1157	647.64914	135.0
1158	647.984854	181.0
1159	648.320525	138.0
1160	648.656153	133.0
1161	648.991738	131.0
1162	649.32728	134.0
1163	649.662778	138.0
1164	649.998234	140.0
1165	650.333646	150.0
1166	650.669015	133.0
1167	651.004341	138.0
1168	651.339624	135.0
1169	651.674864	138.0
1170	652.01006	140.0
1171	652.345213	136.0
1172	652.680323	138.0
1173	653.01539	135.0
1174	653.350414	134.0
1175	653.685394	209.0
1176	654.020331	137.0
1177	654.355225	136.0
1178	654.690075	139.0
1179	655.024883	134.0
1180	655.359647	130.0
1181	655.694367	133.0
1182	656.029045	145.0
1183	656.363679	136.0
1184	656.698269	131.0
1185	657.032817	134.0
1186	657.367321	135.0
1187	657.701781	134.0
1188	658.036199	137.0
1189	658.370573	136.0
1190	658.704903	134.0
1191	659.039191	134.0
1192	659.373434	138.0
1193	659.707635	134.0
1194	660.041792	137.0
1195	660.375905	133.0
1196	660.709975	132.0
1197	661.044002	137.0
1198	661.377985	132.0
1199	661.711925	130.0
1200	662.045821	154.0
1201	662.379674	137.0
1202	662.713483	140.0
1203	663.047249	162.0
1204	663.380971	137.0
1205	663.71465	136.0
1206	664.048285	129.0
1207	664.381877	136.0
1208	664.715425	132.0
1209	665.04893	131.0
1210	665.382391	130.0
1211	665.715808	134.0
1212	666.049182	148.0
1213	666.382513	139.0
1214	666.715799	150.0
1215	667.049042	129.0
1216	667.382242	127.0
1217	667.715398	131.0
1218	668.04851	142.0
1219	668.381579	145.0
1220	668.714603	133.0
1221	669.047585	134.0
1222	669.380522	137.0
1223	669.713416	158.0
1224	670.046266	139.0
1225	670.379073	135.0
1226	670.711836	137.0
1227	671.044555	139.0
1228	671.37723	132.0
1229	671.709862	135.0
1230	672.042449	132.0
1231	672.374994	129.0
1232	672.707494	129.0
1233	673.03995	131.0
1234	673.372363	136.0
1235	673.704732	145.0
1236	674.037057	138.0
1237	674.369339	129.0
1238	674.701576	130.0
1239	675.03377	129.0
1240	675.36592	131.0
1241	675.698026	134.0
1242	676.030088	139.0
1243	676.362106	138.0
1244	676.694081	133.0
1245	677.026011	129.0
1246	677.357898	132.0
1247	677.689741	128.0
1248	678.02154	127.0
1249	678.353295	126.0
1250	678.685006	131.0
1251	679.016673	139.0
1252	679.348296	128.0
1253	679.679875	137.0
1254	680.01141	131.0
1255	680.342901	127.0
1256	680.674348	127.0
1257	681.005752	137.0
1258	681.337111	135.0
1259	681.668426	132.0
1260	681.999697	127.0
1261	682.330924	127.0
1262	682.662107	135.0
1263	682.993246	134.0
1264	683.324341	138.0
1265	683.655392	149.0
1266	683.986399	143.0
1267	684.317362	128.0
1268	684.648281	132.0
1269	684.979155	131.0
1270	685.309986	128.0
1271	685.640772	127.0
1272	685.971514	126.0
1273	686.302212	130.0
1274	686.632866	126.0
1275	686.963476	138.0
1276	687.294041	127.0
1277	687.624563	123.0
1278	687.95504	123.0
1279	688.285473	129.0
1280	688.615862	132.0
1281	688.946206	129.0
1282	689.276507	128.0
1283	689.606763	127.0
1284	689.936975	127.0
1285	690.267142	127.0
1286	690.597266	128.0
1287	690.927345	139.0
1288	691.257379	129.0
1289	691.58737	128.0
1290	691.917316	124.0
1291	692.247218	124.0
1292	692.577076	124.0
1293	692.906889	126.0
1294	693.236658	144.0
1295	693.566383	135.0
1296	693.896063	128.0
1297	694.225699	129.0
1298	694.55529	130.0
1299	694.884837	125.0
1300	695.21434	128.0
1301	695.543798	132.0
1302	695.873212	126.0
1303	696.202582	125.0
1304	696.531907	132.0
1305	696.861188	194.0
1306	697.190424	131.0
1307	697.519616	127.0
1308	697.848763	127.0
1309	698.177866	128.0
1310	698.506924	148.0
1311	698.835938	131.0
1312	699.164907	129.0
1313	699.493832	129.0
1314	699.822712	131.0
1315	700.151548	125.0
1316	700.480339	126.0
1317	700.809086	126.0
1318	701.137788	129.0
1319	701.466446	141.0
1320	701.795059	132.0
1321	702.123627	133.0
1322	702.452151	129.0
1323	702.78063	127.0
1324	703.109065	129.0
1325	703.437455	134.0
1326	703.7658	126.0
1327	704.094101	130.0
1328	704.422357	128.0
1329	704.750569	128.0
1330	705.078735	128.0
1331	705.406857	128.0
1332	705.734935	126.0
1333	706.062968	126.0
1334	706.390956	136.0
1335	706.718899	127.0
1336	707.046797	132.0
1337	707.374651	125.0
1338	707.70246	128.0
1339	708.030225	133.0
1340	708.357944	127.0
1341	708.685619	124.0
1342	709.013249	126.0
1343	709.340835	123.0
1344	709.668375	127.0
1345	709.995871	132.0
1346	710.323322	124.0
1347	710.650728	128.0
1348	710.978089	140.0
1349	711.305405	131.0
1350	711.632677	145.0
1351	711.959904	129.0
1352	712.287085	128.0
1353	712.614222	129.0
1354	712.941314	121.0
1355	713.268361	125.0
1356	713.595364	122.0
1357	713.922321	129.0
1358	714.249233	126.0
1359	714.576101	123.0
1360	714.902923	128.0
1361	715.229701	127.0
1362	715.556434	129.0
1363	715.883121	129.0
1364	716.209764	127.0
1365	716.536362	132.0
1366	716.862914	125.0
1367	717.189422	127.0
1368	717.515885	127.0
1369	717.842302	123.0
1370	718.168675	126.0
1371	718.495003	149.0
1372	718.821285	130.0
1373	719.147523	125.0
1374	719.473715	123.0
1375	719.799862	127.0
1376	720.125965	129.0
1377	720.452022	127.0
1378	720.778034	124.0
1379	721.104001	147.0
1380	721.429923	130.0
1381	721.755799	128.0
1382	722.081631	126.0
1383	722.407417	125.0
1384	722.733158	124.0
1385	723.058854	128.0
1386	723.384505	146.0
1387	723.710111	129.0
1388	724.035671	132.0
1389	724.361187	129.0
1390	724.686657	124.0
1391	725.012081	129.0
1392	725.337461	123.0
1393	725.662795	139.0
1394	725.988084	135.0
1395	726.313328	126.0
1396	726.638527	127.0
1397	726.96368	128.0
1398	727.288788	127.0
1399	727.613851	127.0
1400	727.938868	129.0
1401	728.26384	127.0
1402	728.588767	130.0
1403	728.913648	135.0
1404	729.238484	131.0
1405	729.563275	124.0
1406	729.88802	124.0
1407	730.21272	124.0
1408	730.537375	128.0
1409	730.861984	123.0
1410	731.186548	124.0
1411	731.511066	131.0
1412	731.835539	127.0
1413	732.159967	143.0
1414	732.484349	134.0
1415	732.808685	133.0
1416	733.132977	128.0
1417	733.457222	123.0
1418	733.781423	131.0
1419	734.105577	133.0
1420	734.429687	127.0
1421	734.75375	127.0
1422	735.077769	130.0
1423	735.401741	128.0
1424	735.725669	129.0
1425	736.04955	132.0
1426	736.373387	129.0
1427	736.697177	121.0
1428	737.020922	123.0
1429	737.344622	126.0
1430	737.668275	128.0
1431	737.991884	122.0
1432	738.315446	141.0
1433	738.638963	130.0
1434	738.962435	126.0
1435	739.285861	134.0
1436	739.609241	124.0
1437	739.932575	137.0
1438	740.255864	129.0
1439	740.579107	128.0
1440	740.902305	129.0
1441	741.225457	127.0
1442	741.548563	124.0
1443	741.871623	128.0
1444	742.194638	123.0
1445	742.517607	124.0
1446	742.84053	126.0
1447	743.163408	128.0
1448	743.48624	131.0
1449	743.809026	124.0
1450	744.131766	126.0
1451	744.45446	128.0
1452	744.777109	132.0
1453	745.099712	128.0
1454	745.422269	127.0
1455	745.74478	128.0
1456	746.067246	129.0
1457	746.389665	133.0
1458	746.712039	129.0
1459	747.034367	130.0
1460	747.356649	129.0
1461	747.678885	129.0
1462	748.001076	127.0
1463	748.32322	127.0
1464	748.645319	123.0
1465	748.967371	124.0
1466	749.289378	122.0
1467	749.611339	127.0
1468	749.933254	121.0
1469	750.255123	129.0
1470	750.576946	127.0
1471	750.898723	125.0
1472	751.220454	122.0
1473	751.542139	124.0
1474	751.863778	131.0
1475	752.185371	127.0
1476	752.506918	127.0
1477	752.828419	125.0
1478	753.149874	132.0
1479	753.471283	130.0
1480	753.792646	126.0
1481	754.113963	131.0
1482	754.435234	130.0
1483	754.756459	124.0
1484	755.077637	130.0
1485	755.39877	125.0
1486	755.719857	127.0
1487	756.040897	124.0
1488	756.361891	132.0
1489	756.682839	126.0
1490	757.003741	121.0
1491	757.324597	125.0
1492	757.645407	128.0
1493	757.966171	126.0
1494	758.286888	128.0
1495	758.607559	126.0
1496	758.928184	132.0
1497	759.248763	130.0
1498	759.569296	126.0
1499	759.889782	127.0
1500	760.210222	124.0
1501	760.530616	124.0
1502	760.850964	128.0
1503	761.171265	133.0
1504	761.491521	129.0
1505	761.811729	124.0
1506	762.131892	124.0
1507	762.452008	123.0
1508	762.772078	126.0
1509	763.092102	126.0
1510	763.41208	126.0
1511	763.732011	127.0
1512	764.051895	128.0
1513	764.371734	126.0
1514	764.691526	125.0
1515	765.011272	128.0
1516	765.330971	127.0
1517	765.650624	124.0
1518	765.97023	125.0
1519	766.28979	122.0
1520	766.609304	137.0
1521	766.928771	151.0
1522	767.248192	129.0
1523	767.567567	123.0
1524	767.886895	127.0
1525	768.206176	129.0
1526	768.525411	128.0
1527	768.8446	123.0
1528	769.163742	122.0
1529	769.482838	125.0
1530	769.801887	125.0
1531	770.120889	129.0
1532	770.439845	124.0
1533	770.758755	129.0
1534	771.077618	128.0
1535	771.396435	125.0
1536	771.715204	125.0
1537	772.033928	128.0
1538	772.352605	128.0
1539	772.671235	126.0
1540	772.989818	127.0
1541	773.308355	132.0
1542	773.626846	126.0
1543	773.945289	128.0
1544	774.263687	126.0
1545	774.582037	123.0
1546	774.900341	123.0
1547	775.218598	126.0
1548	775.536809	126.0
1549	775.854972	127.0
1550	776.17309	127.0
1551	776.49116	125.0
1552	776.809184	127.0
1553	777.127161	125.0
1554	777.445091	125.0
1555	777.762975	127.0
1556	778.080811	135.0
1557	778.398602	128.0
1558	778.716345	123.0
1559	779.034041	126.0
1560	779.351691	124.0
1561	779.669294	143.0
1562	779.98685	128.0
1563	780.30436	129.0
1564	780.621822	130.0
1565	780.939238	128.0
1566	781.256607	128.0
1567	781.573929	131.0
1568	781.891204	133.0
1569	782.208433	130.0
1570	782.525614	132.0
1571	782.842749	131.0
1572	783.159837	134.0
1573	783.476878	130.0
1574	783.793871	125.0
1575	784.110818	125.0
1576	784.427719	128.0
1577	784.744572	122.0
1578	785.061378	129.0
1579	785.378137	124.0
1580	785.69485	124.0
1581	786.011515	128.0
1582	786.328133	122.0
1583	786.644705	127.0
1584	786.961229	128.0
1585	787.277706	147.0
1586	787.594137	132.0
1587	787.91052	128.0
1588	788.226856	126.0
1589	788.543146	124.0
1590	788.859388	128.0
1591	789.175583	128.0
1592	789.491731	130.0
1593	789.807832	126.0
1594	790.123886	128.0
1595	790.439893	126.0
1596	790.755852	130.0
1597	791.071765	126.0
1598	791.38763	132.0
1599	791.703449	159.0
1600	792.01922	128.0
1601	792.334944	131.0
1602	792.65062	125.0
1603	792.96625	125.0
1604	793.281833	126.0
1605	793.597368	132.0
1606	793.912856	129.0
1607	794.228297	127.0
1608	794.543691	141.0
1609	794.859037	130.0
1610	795.174336	126.0
1611	795.489588	126.0
1612	795.804793	123.0
1613	796.11995	122.0
1614	796.43506	124.0
1615	796.750123	127.0
1616	797.065139	127.0
1617	797.380107	124.0
1618	797.695028	128.0
1619	798.009902	124.0
1620	798.324728	125.0
1621	798.639507	126.0
1622	798.954239	123.0
1623	799.268923	125.0
1624	799.58356	128.0
1625	799.89815	130.0
1626	800.212692	135.0
1627	800.527187	130.0
1628	800.841634	125.0
1629	801.156034	126.0
1630	801.470386	125.0
1631	801.784692	127.0
1632	802.098949	131.0
1633	802.413159	135.0
1634	802.727322	134.0
1635	803.041438	131.0
1636	803.355505	127.0
1637	803.669526	127.0
1638	803.983499	134.0
1639	804.297424	128.0
1640	804.611302	126.0
1641	804.925132	123.0
1642	805.238915	130.0
1643	805.55265	122.0
1644	805.866338	126.0
1645	806.179978	123.0
1646	806.49357	128.0
1647	806.807115	127.0
1648	807.120613	134.0
1649	807.434063	127.0
1650	807.747465	126.0
1651	808.060819	132.0
1652	808.374126	129.0
1653	808.687386	175.0
1654	809.000597	130.0
1655	809.313761	135.0
1656	809.626878	133.0
1657	809.939947	127.0
1658	810.252968	150.0
1659	810.565941	168.0
1660	810.878867	128.0
1661	811.191745	132.0
1662	811.504575	133.0
1663	811.817357	132.0
1664	812.130092	130.0
1665	812.442779	130.0
1666	812.755419	130.0
1667	813.06801	137.0
1668	813.380554	129.0
1669	813.69305	155.0
1670	814.005498	132.0
1671	814.317898	129.0
1672	814.630251	134.0
1673	814.942556	130.0
1674	815.254813	131.0
1675	815.567022	137.0
1676	815.879183	135.0
1677	816.191297	134.0
1678	816.503362	182.0
1679	816.81538	134.0
1680	817.12735	123.0
1681	817.439272	129.0
1682	817.751146	130.0
1683	818.062972	132.0
1684	818.37475	130.0
1685	818.68648	128.0
1686	818.998163	127.0
1687	819.309797	125.0
1688	819.621383	125.0
1689	819.932922	130.0
1690	820.244412	132.0
1691	820.555855	130.0
1692	820.86725	129.0
1693	821.178596	126.0
1694	821.489895	124.0
1695	821.801145	132.0
1696	822.112348	131.0
1697	822.423502	129.0
1698	822.734609	131.0
1699	823.045667	130.0
1700	823.356677	132.0
1701	823.667639	131.0
1702	823.978554	127.0
1703	824.28942	126.0
1704	824.600238	126.0
1705	824.911007	125.0
1706	825.221729	125.0
1707	825.532403	131.0
1708	825.843028	130.0
1709	826.153606	127.0
1710	826.464135	128.0
1711	826.774616	129.0
1712	827.085049	135.0
1713	827.395433	129.0
1714	827.70577	130.0
1715	828.016058	134.0
1716	828.326298	136.0
1717	828.63649	155.0
1718	828.946633	130.0
1719	829.256729	131.0
1720	829.566776	134.0
1721	829.876775	128.0
1722	830.186725	133.0
1723	830.496628	130.0
1724	830.806482	127.0
1725	831.116287	133.0
1726	831.426045	132.0
1727	831.735754	128.0
1728	832.045415	126.0
1729	832.355027	125.0
1730	832.664591	126.0
1731	832.974107	129.0
1732	833.283575	132.0
1733	833.592994	135.0
1734	833.902364	136.0
1735	834.211687	126.0
1736	834.520961	127.0
1737	834.830186	133.0
1738	835.139363	137.0
1739	835.448492	129.0
1740	835.757572	144.0
1741	836.066604	134.0
1742	836.375587	152.0
1743	836.684522	128.0
1744	836.993409	126.0
1745	837.302247	126.0
1746	837.611036	130.0
1747	837.919777	125.0
1748	838.228469	125.0
1749	838.537113	127.0
1750	838.845709	171.0
1751	839.154256	129.0
1752	839.462754	130.0
1753	839.771204	149.0
1754	840.079605	134.0
1755	840.387958	126.0
1756	840.696262	127.0
1757	841.004518	133.0
1758	841.312724	129.0
1759	841.620883	128.0
1760	841.928992	129.0
1761	842.237054	124.0
1762	842.545066	131.0
1763	842.85303	128.0
1764	843.160945	136.0
1765	843.468811	127.0
1766	843.776629	126.0
1767	844.084398	124.0
1768	844.392119	127.0
1769	844.699791	124.0
1770	845.007414	121.0
1771	845.314988	155.0
1772	845.622514	127.0
1773	845.929991	124.0
1774	846.237419	123.0
1775	846.544798	160.0
1776	846.852129	136.0
1777	847.159411	128.0
1778	847.466644	122.0
1779	847.773828	124.0
1780	848.080964	132.0
1781	848.38805	126.0
1782	848.695088	129.0
1783	849.002077	125.0
1784	849.309017	130.0
1785	849.615909	134.0
1786	849.922751	133.0
1787	850.229545	132.0
1788	850.53629	138.0
1789	850.842986	139.0
1790	851.149633	126.0
1791	851.456231	123.0
1792	851.76278	123.0
1793	852.06928	130.0
1794	852.375732	125.0
1795	852.682134	127.0
1796	852.988488	126.0
1797	853.294792	122.0
1798	853.601048	134.0
1799	853.907254	129.0
1800	854.213412	123.0
1801	854.519521	124.0
1802	854.82558	129.0
1803	855.131591	128.0
1804	855.437552	124.0
1805	855.743465	128.0
1806	856.049328	121.0
1807	856.355143	126.0
1808	856.660908	130.0
1809	856.966625	134.0
1810	857.272292	124.0
1811	857.57791	126.0
1812	857.883479	130.0
1813	858.188999	134.0
1814	858.49447	128.0
1815	858.799892	124.0
1816	859.105265	129.0
1817	859.410588	129.0
1818	859.715863	127.0
1819	860.021088	130.0
1820	860.326264	130.0
1821	860.631391	127.0
1822	860.936469	133.0
1823	861.241497	130.0
1824	861.546476	125.0
1825	861.851407	130.0
1826	862.156287	126.0
1827	862.461119	125.0
1828	862.765901	125.0
1829	863.070635	127.0
1830	863.375319	127.0
1831	863.679953	126.0
1832	863.984539	125.0
1833	864.289075	130.0
1834	864.593561	128.0
1835	864.897999	124.0
1836	865.202387	129.0
1837	865.506726	130.0
1838	865.811015	130.0
1839	866.115256	126.0
1840	866.419446	124.0
1841	866.723588	121.0
1842	867.02768	123.0
1843	867.331723	123.0
1844	867.635716	122.0
1845	867.93966	140.0
1846	868.243555	128.0
1847	868.5474	126.0
1848	868.851195	132.0
1849	869.154942	130.0
1850	869.458639	135.0
1851	869.762286	125.0
1852	870.065884	126.0
1853	870.369432	127.0
1854	870.672931	126.0
1855	870.976381	121.0
1856	871.279781	120.0
1857	871.583131	122.0
1858	871.886432	127.0
1859	872.189684	128.0
1860	872.492886	139.0
1861	872.796038	128.0
1862	873.099141	126.0
1863	873.402194	125.0
1864	873.705198	123.0
1865	874.008152	128.0
1866	874.311057	125.0
1867	874.613911	128.0
1868	874.916717	128.0
1869	875.219473	130.0
1870	875.522179	128.0
1871	875.824835	128.0
1872	876.127442	131.0
1873	876.429999	126.0
1874	876.732507	130.0
1875	877.034964	129.0
1876	877.337373	128.0
1877	877.639731	128.0
1878	877.94204	126.0
1879	878.244299	169.0
1880	878.546508	130.0
1881	878.848668	124.0
1882	879.150778	124.0
1883	879.452838	129.0
1884	879.754848	123.0
1885	880.056809	175.0
1886	880.35872	127.0
1887	880.660581	132.0
1888	880.962392	125.0
1889	881.264154	124.0
1890	881.565865	128.0
1891	881.867527	124.0
1892	882.169139	123.0
1893	882.470702	128.0
1894	882.772214	131.0
1895	883.073676	134.0
1896	883.375089	126.0
1897	883.676452	128.0
1898	883.977765	122.0
1899	884.279028	130.0
1900	884.580241	126.0
1901	884.881404	123.0
1902	885.182517	128.0
1903	885.483581	128.0
1904	885.784594	129.0
1905	886.085557	126.0
1906	886.386471	132.0
1907	886.687335	127.0
1908	886.988148	123.0
1909	887.288912	126.0
1910	887.589625	124.0
1911	887.890289	128.0
1912	888.190903	129.0
1913	888.491466	126.0
1914	888.79198	123.0
1915	889.092443	135.0
1916	889.392857	130.0
1917	889.69322	126.0
1918	889.993533	125.0
1919	890.293797	128.0
1920	890.59401	129.0
1921	890.894173	153.0
1922	891.194286	130.0
1923	891.494349	132.0
1924	891.794361	130.0
1925	892.094324	131.0
1926	892.394237	125.0
1927	892.694099	128.0
1928	892.993911	125.0
1929	893.293673	124.0
1930	893.593385	126.0
1931	893.893047	124.0
1932	894.192658	125.0
1933	894.492219	125.0
1934	894.79173	124.0
1935	895.091191	130.0
1936	895.390602	123.0
1937	895.689962	130.0
1938	895.989272	128.0
1939	896.288532	127.0
1940	896.587742	124.0
1941	896.886901	149.0
1942	897.18601	128.0
1943	897.485069	130.0
1944	897.784077	126.0
1945	898.083035	132.0
1946	898.381943	128.0
1947	898.680801	127.0
1948	898.979608	150.0
1949	899.278364	127.0
1950	899.577071	122.0
1951	899.875727	121.0
1952	900.174333	121.0
1953	900.472888	126.0
1954	900.771393	124.0
1955	901.069847	125.0
1956	901.368251	135.0
1957	901.666605	135.0
1958	901.964908	128.0
1959	902.263161	128.0
1960	902.561363	129.0
1961	902.859515	132.0
1962	903.157616	138.0
1963	903.455667	130.0
1964	903.753668	144.0
1965	904.051618	124.0
1966	904.349517	122.0
1967	904.647366	159.0
1968	904.945164	126.0
1969	905.242912	125.0
1970	905.54061	123.0
1971	905.838256	131.0
1972	906.135853	128.0
1973	906.433398	126.0
1974	906.730893	127.0
1975	907.028338	126.0
1976	907.325731	132.0
1977	907.623075	128.0
1978	907.920367	123.0
1979	908.217609	129.0
1980	908.514801	127.0
1981	908.811941	128.0
1982	909.109032	131.0
1983	909.406071	126.0
1984	909.70306	129.0
1985	909.999998	134.0
1986	910.296885	127.0
1987	910.593722	123.0
1988	910.890508	125.0
1989	911.187243	123.0
1990	911.483928	127.0
1991	911.780561	127.0
1992	912.077144	130.0
1993	912.373677	125.0
1994	912.670158	126.0
1995	912.966589	126.0
1996	913.262969	131.0
1997	913.559298	130.0
1998	913.855577	127.0
1999	914.151804	128.0
2000	914.447981	123.0
2001	914.744107	124.0
2002	915.040182	131.0
2003	915.336206	203.0
2004	915.63218	182.0
2005	915.928102	140.0
2006	916.223974	132.0
2007	916.519794	128.0
2008	916.815564	133.0
2009	917.111283	126.0
2010	917.406951	123.0
2011	917.702569	122.0
2012	917.998135	125.0
2013	918.29365	126.0
2014	918.589114	124.0
2015	918.884528	124.0
2016	919.17989	126.0
2017	919.475202	124.0
2018	919.770462	125.0
2019	920.065672	128.0
2020	920.36083	127.0
2021	920.655938	128.0
2022	920.950994	121.0
2023	921.245999	125.0
2024	921.540954	129.0
2025	921.835857	130.0
2026	922.130709	125.0
2027	922.425511	126.0
2028	922.720261	128.0
2029	923.01496	126.0
2030	923.309608	123.0
2031	923.604205	124.0
2032	923.89875	135.0
2033	924.193245	124.0
2034	924.487688	124.0
2035	924.782081	127.0
2036	925.076422	120.0
2037	925.370712	122.0
2038	925.664951	155.0
2039	925.959139	129.0
2040	926.253275	128.0
