	wavelength	counts
0	232.734922	144.0
1	233.114346	125.0
2	233.493737	121.0
3	233.873095	119.0
4	234.252421	121.0
5	234.631715	123.0
6	235.010976	124.0
7	235.390204	122.0
8	235.7694	126.0
9	236.148564	123.0
10	236.527695	130.0
11	236.906793	122.0
12	237.285859	123.0
13	237.664892	123.0
14	238.043893	126.0
15	238.422861	121.0
16	238.801796	123.0
17	239.180699	121.0
18	239.559569	127.0
19	239.938407	121.0
20	240.317212	126.0
21	240.695984	131.0
22	241.074724	129.0
23	241.453431	126.0
24	241.832105	125.0
25	242.210747	131.0
26	242.589356	128.0
27	242.967932	131.0
28	243.346476	124.0
29	243.724986	132.0
30	244.103465	132.0
31	244.48191	156.0
32	244.860323	128.0
33	245.238702	128.0
34	245.61705	135.0
35	245.995364	131.0
36	246.373645	133.0
37	246.751894	132.0
38	247.13011	128.0
39	247.508293	127.0
40	247.886444	129.0
41	248.264561	147.0
42	248.642646	133.0
43	249.020698	132.0
44	249.398717	132.0
45	249.776703	139.0
46	250.154656	180.0
47	250.532576	128.0
48	250.910464	124.0
49	251.288318	149.0
50	251.66614	142.0
51	252.043929	136.0
52	252.421684	129.0
53	252.799407	177.0
54	253.177097	143.0
55	253.554754	132.0
56	253.932378	129.0
57	254.309969	132.0
58	254.687527	140.0
59	255.065052	140.0
60	255.442544	129.0
61	255.820003	128.0
62	256.197429	159.0
63	256.574822	129.0
64	256.952182	125.0
65	257.329509	129.0
66	257.706803	130.0
67	258.084063	132.0
68	258.461291	130.0
69	258.838486	132.0
70	259.215647	130.0
71	259.592775	128.0
72	259.969871	129.0
73	260.346933	128.0
74	260.723962	130.0
75	261.100958	126.0
76	261.47792	151.0
77	261.85485	133.0
78	262.231746	126.0
79	262.60861	132.0
80	262.98544	127.0
81	263.362236	128.0
82	263.739	126.0
83	264.115731	124.0
84	264.492428	127.0
85	264.869092	130.0
86	265.245722	129.0
87	265.62232	123.0
88	265.998884	175.0
89	266.375415	134.0
90	266.751913	132.0
91	267.128377	130.0
92	267.504808	129.0
93	267.881206	127.0
94	268.25757	124.0
95	268.633901	182.0
96	269.010199	132.0
97	269.386464	123.0
98	269.762695	126.0
99	270.138892	128.0
100	270.515057	126.0
101	270.891188	129.0
102	271.267285	126.0
103	271.64335	129.0
104	272.01938	132.0
105	272.395378	130.0
106	272.771342	129.0
107	273.147272	128.0
108	273.523169	129.0
109	273.899033	132.0
110	274.274863	127.0
111	274.65066	132.0
112	275.026423	129.0
113	275.402153	130.0
114	275.777849	129.0
115	276.153512	128.0
116	276.529141	125.0
117	276.904737	129.0
118	277.280299	132.0
119	277.655827	127.0
120	278.031322	146.0
121	278.406784	130.0
122	278.782212	131.0
123	279.157606	147.0
124	279.532967	134.0
125	279.908294	132.0
126	280.283587	131.0
127	280.658847	126.0
128	281.034074	129.0
129	281.409266	126.0
130	281.784425	126.0
131	282.15955	158.0
132	282.534642	163.0
133	282.9097	129.0
134	283.284724	129.0
135	283.659715	129.0
136	284.034672	130.0
137	284.409595	126.0
138	284.784485	132.0
139	285.15934	132.0
140	285.534162	126.0
141	285.908951	133.0
142	286.283705	129.0
143	286.658426	128.0
144	287.033113	129.0
145	287.407766	136.0
146	287.782386	122.0
147	288.156971	126.0
148	288.531523	127.0
149	288.906041	122.0
150	289.280525	129.0
151	289.654975	123.0
152	290.029392	123.0
153	290.403775	122.0
154	290.778123	128.0
155	291.152438	128.0
156	291.526719	128.0
157	291.900966	124.0
158	292.275179	127.0
159	292.649359	134.0
160	293.023504	131.0
161	293.397615	134.0
162	293.771693	130.0
163	294.145736	128.0
164	294.519746	134.0
165	294.893722	129.0
166	295.267663	135.0
167	295.641571	135.0
168	296.015444	124.0
169	296.389284	131.0
170	296.76309	134.0
171	297.136861	131.0
172	297.510599	128.0
173	297.884302	130.0
174	298.257972	128.0
175	298.631607	125.0
176	299.005209	128.0
177	299.378776	128.0
178	299.752309	132.0
179	300.125808	125.0
180	300.499273	150.0
181	300.872704	131.0
182	301.246101	127.0
183	301.619463	134.0
184	301.992792	133.0
185	302.366086	127.0
186	302.739346	127.0
187	303.112572	129.0
188	303.485764	164.0
189	303.858922	130.0
190	304.232045	126.0
191	304.605135	131.0
192	304.97819	127.0
193	305.35121	124.0
194	305.724197	126.0
195	306.097149	126.0
196	306.470067	127.0
197	306.842951	128.0
198	307.215801	127.0
199	307.588616	126.0
200	307.961397	128.0
201	308.334144	126.0
202	308.706856	129.0
203	309.079534	124.0
204	309.452178	128.0
205	309.824787	135.0
206	310.197362	131.0
207	310.569903	129.0
208	310.942409	135.0
209	311.314881	126.0
210	311.687319	127.0
211	312.059722	133.0
212	312.432091	131.0
213	312.804425	129.0
214	313.176725	130.0
215	313.54899	134.0
216	313.921222	132.0
217	314.293418	128.0
218	314.66558	127.0
219	315.037708	130.0
220	315.409801	139.0
221	315.78186	129.0
222	316.153884	125.0
223	316.525874	130.0
224	316.89783	129.0
225	317.26975	126.0
226	317.641637	136.0
227	318.013488	128.0
228	318.385305	128.0
229	318.757088	138.0
230	319.128836	128.0
231	319.500549	127.0
232	319.872228	129.0
233	320.243873	128.0
234	320.615482	135.0
235	320.987057	130.0
236	321.358598	124.0
237	321.730104	126.0
238	322.101575	130.0
239	322.473011	132.0
240	322.844413	156.0
241	323.215781	129.0
242	323.587113	127.0
243	323.958411	134.0
244	324.329674	129.0
245	324.700903	127.0
246	325.072096	127.0
247	325.443255	128.0
248	325.81438	128.0
249	326.185469	144.0
250	326.556524	126.0
251	326.927544	134.0
252	327.298529	131.0
253	327.66948	131.0
254	328.040396	137.0
255	328.411277	126.0
256	328.782123	131.0
257	329.152934	132.0
258	329.523711	135.0
259	329.894452	129.0
260	330.265159	129.0
261	330.635831	133.0
262	331.006468	128.0
263	331.377071	123.0
264	331.747638	132.0
265	332.118171	166.0
266	332.488668	135.0
267	332.859131	127.0
268	333.229559	125.0
269	333.599951	129.0
270	333.970309	136.0
271	334.340632	128.0
272	334.71092	132.0
273	335.081174	133.0
274	335.451392	137.0
275	335.821575	131.0
276	336.191723	129.0
277	336.561836	131.0
278	336.931914	132.0
279	337.301957	133.0
280	337.671966	129.0
281	338.041939	128.0
282	338.411877	129.0
283	338.78178	135.0
284	339.151648	131.0
285	339.521481	134.0
286	339.891278	130.0
287	340.261041	135.0
288	340.630769	129.0
289	341.000461	133.0
290	341.370119	130.0
291	341.739741	128.0
292	342.109328	126.0
293	342.47888	128.0
294	342.848397	133.0
295	343.217878	133.0
296	343.587325	128.0
297	343.956736	127.0
298	344.326112	131.0
299	344.695453	131.0
300	345.064759	127.0
301	345.43403	131.0
302	345.803265	134.0
303	346.172465	129.0
304	346.54163	143.0
305	346.910759	132.0
306	347.279854	130.0
307	347.648913	155.0
308	348.017936	135.0
309	348.386925	127.0
310	348.755878	124.0
311	349.124796	159.0
312	349.493678	134.0
313	349.862526	130.0
314	350.231337	127.0
315	350.600114	124.0
316	350.968855	133.0
317	351.337561	125.0
318	351.706231	125.0
319	352.074866	128.0
320	352.443466	125.0
321	352.81203	128.0
322	353.180559	130.0
323	353.549053	136.0
324	353.917511	131.0
325	354.285933	127.0
326	354.65432	134.0
327	355.022672	131.0
328	355.390988	129.0
329	355.759269	130.0
330	356.127514	127.0
331	356.495724	129.0
332	356.863898	125.0
333	357.232037	128.0
334	357.60014	130.0
335	357.968208	135.0
336	358.33624	133.0
337	358.704237	127.0
338	359.072198	131.0
339	359.440123	130.0
340	359.808013	127.0
341	360.175867	128.0
342	360.543686	170.0
343	360.911469	132.0
344	361.279217	132.0
345	361.646929	129.0
346	362.014605	127.0
347	362.382246	133.0
348	362.749851	127.0
349	363.11742	140.0
350	363.484954	145.0
351	363.852452	129.0
352	364.219914	127.0
353	364.587341	127.0
354	364.954732	130.0
355	365.322087	134.0
356	365.689406	130.0
357	366.05669	129.0
358	366.423938	125.0
359	366.79115	127.0
360	367.158327	128.0
361	367.525468	129.0
362	367.892573	128.0
363	368.259642	125.0
364	368.626675	126.0
365	368.993673	129.0
366	369.360634	128.0
367	369.72756	130.0
368	370.094451	130.0
369	370.461305	131.0
370	370.828123	147.0
371	371.194906	132.0
372	371.561653	127.0
373	371.928363	125.0
374	372.295038	128.0
375	372.661677	127.0
376	373.02828	130.0
377	373.394848	129.0
378	373.761379	132.0
379	374.127874	126.0
380	374.494334	126.0
381	374.860757	132.0
382	375.227145	130.0
383	375.593496	128.0
384	375.959812	129.0
385	376.326091	130.0
386	376.692335	129.0
387	377.058543	127.0
388	377.424714	125.0
389	377.79085	126.0
390	378.156949	123.0
391	378.523013	121.0
392	378.88904	126.0
393	379.255031	123.0
394	379.620987	126.0
395	379.986906	132.0
396	380.352789	126.0
397	380.718636	131.0
398	381.084447	127.0
399	381.450222	126.0
400	381.81596	132.0
401	382.181663	128.0
402	382.547329	131.0
403	382.91296	128.0
404	383.278554	128.0
405	383.644111	130.0
406	384.009633	133.0
407	384.375119	125.0
408	384.740568	129.0
409	385.105981	127.0
410	385.471358	128.0
411	385.836699	126.0
412	386.202003	126.0
413	386.567271	155.0
414	386.932503	136.0
415	387.297699	126.0
416	387.662858	131.0
417	388.027982	134.0
418	388.393068	134.0
419	388.758119	129.0
420	389.123133	125.0
421	389.488111	123.0
422	389.853053	166.0
423	390.217958	136.0
424	390.582827	130.0
425	390.947659	128.0
426	391.312456	125.0
427	391.677215	127.0
428	392.041939	129.0
429	392.406626	127.0
430	392.771277	122.0
431	393.135891	131.0
432	393.500469	138.0
433	393.86501	131.0
434	394.229515	127.0
435	394.593983	126.0
436	394.958415	128.0
437	395.322811	128.0
438	395.68717	128.0
439	396.051493	130.0
440	396.415779	124.0
441	396.780028	127.0
442	397.144242	127.0
443	397.508418	123.0
444	397.872558	128.0
445	398.236662	129.0
446	398.600729	125.0
447	398.964759	129.0
448	399.328753	127.0
449	399.69271	129.0
450	400.056631	128.0
451	400.420515	124.0
452	400.784363	127.0
453	401.148174	131.0
454	401.511948	131.0
455	401.875685	127.0
456	402.239386	137.0
457	402.603051	134.0
458	402.966678	134.0
459	403.330269	134.0
460	403.693824	130.0
461	404.057342	131.0
462	404.420822	126.0
463	404.784267	122.0
464	405.147674	121.0
465	405.511045	127.0
466	405.874379	126.0
467	406.237677	125.0
468	406.600937	121.0
469	406.964161	130.0
470	407.327348	127.0
471	407.690498	133.0
472	408.053612	126.0
473	408.416689	130.0
474	408.779729	158.0
475	409.142732	132.0
476	409.505698	121.0
477	409.868627	127.0
478	410.23152	125.0
479	410.594376	128.0
480	410.957195	130.0
481	411.319977	127.0
482	411.682722	126.0
483	412.04543	125.0
484	412.408101	125.0
485	412.770736	128.0
486	413.133333	128.0
487	413.495894	136.0
488	413.858418	133.0
489	414.220905	127.0
490	414.583354	125.0
491	414.945767	124.0
492	415.308143	134.0
493	415.670482	124.0
494	416.032784	124.0
495	416.395049	127.0
496	416.757277	129.0
497	417.119467	133.0
498	417.481621	132.0
499	417.843738	143.0
500	418.205818	124.0
501	418.567861	129.0
502	418.929866	134.0
503	419.291835	127.0
504	419.653766	137.0
505	420.015661	127.0
506	420.377518	128.0
507	420.739338	138.0
508	421.101121	133.0
509	421.462867	127.0
510	421.824576	128.0
511	422.186248	127.0
512	422.547882	124.0
513	422.90948	128.0
514	423.27104	122.0
515	423.632563	128.0
516	423.994049	123.0
517	424.355497	169.0
518	424.716909	130.0
519	425.078283	124.0
520	425.43962	148.0
521	425.80092	134.0
522	426.162182	132.0
523	426.523407	129.0
524	426.884595	128.0
525	427.245746	126.0
526	427.60686	134.0
527	427.967936	128.0
528	428.328975	130.0
529	428.689976	128.0
530	429.05094	127.0
531	429.411867	129.0
532	429.772757	126.0
533	430.133609	129.0
534	430.494424	127.0
535	430.855201	130.0
536	431.215941	131.0
537	431.576644	137.0
538	431.937309	164.0
539	432.297937	133.0
540	432.658528	132.0
541	433.019081	135.0
542	433.379596	129.0
543	433.740075	127.0
544	434.100515	134.0
545	434.460919	131.0
546	434.821284	135.0
547	435.181613	132.0
548	435.541904	129.0
549	435.902157	138.0
550	436.262373	137.0
551	436.622551	130.0
552	436.982692	133.0
553	437.342796	133.0
554	437.702861	132.0
555	438.06289	131.0
556	438.42288	134.0
557	438.782833	137.0
558	439.142749	134.0
559	439.502627	137.0
560	439.862467	132.0
561	440.22227	129.0
562	440.582035	127.0
563	440.941763	136.0
564	441.301453	134.0
565	441.661105	133.0
566	442.020719	134.0
567	442.380296	136.0
568	442.739836	138.0
569	443.099337	138.0
570	443.458801	136.0
571	443.818227	133.0
572	444.177616	134.0
573	444.536967	134.0
574	444.89628	140.0
575	445.255555	140.0
576	445.614793	190.0
577	445.973992	137.0
578	446.333154	133.0
579	446.692279	146.0
580	447.051365	139.0
581	447.410414	138.0
582	447.769425	136.0
583	448.128398	142.0
584	448.487334	139.0
585	448.846231	145.0
586	449.205091	143.0
587	449.563913	140.0
588	449.922697	193.0
589	450.281443	140.0
590	450.640151	136.0
591	450.998821	136.0
592	451.357454	139.0
593	451.716048	135.0
594	452.074605	135.0
595	452.433124	134.0
596	452.791605	142.0
597	453.150048	133.0
598	453.508452	141.0
599	453.86682	138.0
600	454.225149	135.0
601	454.58344	136.0
602	454.941693	140.0
603	455.299908	143.0
604	455.658085	132.0
605	456.016224	140.0
606	456.374325	132.0
607	456.732388	136.0
608	457.090413	134.0
609	457.4484	139.0
610	457.806349	138.0
611	458.16426	174.0
612	458.522133	139.0
613	458.879967	135.0
614	459.237764	132.0
615	459.595523	130.0
616	459.953243	132.0
617	460.310925	129.0
618	460.668569	134.0
619	461.026175	132.0
620	461.383743	133.0
621	461.741273	134.0
622	462.098765	133.0
623	462.456218	126.0
624	462.813633	129.0
625	463.17101	134.0
626	463.528349	173.0
627	463.88565	137.0
628	464.242912	137.0
629	464.600136	132.0
630	464.957322	130.0
631	465.31447	133.0
632	465.671579	257.0
633	466.02865	136.0
634	466.385683	131.0
635	466.742678	133.0
636	467.099634	134.0
637	467.456552	136.0
638	467.813432	132.0
639	468.170273	129.0
640	468.527076	134.0
641	468.883841	131.0
642	469.240567	130.0
643	469.597255	135.0
644	469.953905	131.0
645	470.310516	135.0
646	470.667089	139.0
647	471.023624	135.0
648	471.38012	136.0
649	471.736577	131.0
650	472.092997	150.0
651	472.449377	135.0
652	472.80572	130.0
653	473.162024	133.0
654	473.518289	134.0
655	473.874516	134.0
656	474.230705	138.0
657	474.586855	136.0
658	474.942966	133.0
659	475.299039	130.0
660	475.655074	132.0
661	476.01107	132.0
662	476.367027	132.0
663	476.722946	134.0
664	477.078827	136.0
665	477.434669	138.0
666	477.790472	136.0
667	478.146237	136.0
668	478.501963	143.0
669	478.85765	134.0
670	479.213299	137.0
671	479.568909	131.0
672	479.924481	135.0
673	480.280014	133.0
674	480.635508	141.0
675	480.990964	131.0
676	481.346381	128.0
677	481.70176	127.0
678	482.057099	133.0
679	482.4124	129.0
680	482.767663	130.0
681	483.122886	130.0
682	483.478071	131.0
683	483.833218	132.0
684	484.188325	131.0
685	484.543394	134.0
686	484.898424	133.0
687	485.253415	130.0
688	485.608367	131.0
689	485.963281	131.0
690	486.318156	138.0
691	486.672992	130.0
692	487.027789	127.0
693	487.382548	132.0
694	487.737267	140.0
695	488.091948	134.0
696	488.44659	151.0
697	488.801193	136.0
698	489.155758	135.0
699	489.510283	146.0
700	489.864769	137.0
701	490.219217	173.0
702	490.573626	137.0
703	490.927995	138.0
704	491.282326	137.0
705	491.636618	138.0
706	491.990871	136.0
707	492.345085	132.0
708	492.699261	147.0
709	493.053397	137.0
710	493.407494	135.0
711	493.761552	135.0
712	494.115571	136.0
713	494.469552	140.0
714	494.823493	137.0
715	495.177395	134.0
716	495.531258	133.0
717	495.885082	135.0
718	496.238867	137.0
719	496.592613	138.0
720	496.94632	134.0
721	497.299988	134.0
722	497.653617	137.0
723	498.007207	141.0
724	498.360757	142.0
725	498.714269	138.0
726	499.067741	142.0
727	499.421174	144.0
728	499.774569	136.0
729	500.127924	137.0
730	500.481239	138.0
731	500.834516	138.0
732	501.187754	134.0
733	501.540952	140.0
734	501.894111	135.0
735	502.247231	145.0
736	502.600312	139.0
737	502.953353	138.0
738	503.306355	136.0
739	503.659318	150.0
740	504.012242	172.0
741	504.365126	136.0
742	504.717972	139.0
743	505.070778	135.0
744	505.423544	138.0
745	505.776272	135.0
746	506.12896	152.0
747	506.481609	138.0
748	506.834218	141.0
749	507.186788	166.0
750	507.539319	139.0
751	507.89181	141.0
752	508.244262	144.0
753	508.596675	138.0
754	508.949048	179.0
755	509.301382	151.0
756	509.653677	141.0
757	510.005932	138.0
758	510.358148	141.0
759	510.710324	159.0
760	511.062461	136.0
761	511.414558	148.0
762	511.766616	142.0
763	512.118635	146.0
764	512.470614	149.0
765	512.822554	154.0
766	513.174454	169.0
767	513.526314	140.0
768	513.878135	139.0
769	514.229917	138.0
770	514.581659	145.0
771	514.933362	146.0
772	515.285025	144.0
773	515.636648	145.0
774	515.988232	140.0
775	516.339776	141.0
776	516.691281	146.0
777	517.042746	145.0
778	517.394172	136.0
779	517.745558	149.0
780	518.096904	151.0
781	518.448211	147.0
782	518.799478	145.0
783	519.150705	142.0
784	519.501893	151.0
785	519.853041	142.0
786	520.20415	152.0
787	520.555218	141.0
788	520.906247	150.0
789	521.257237	143.0
790	521.608186	154.0
791	521.959096	172.0
792	522.309967	142.0
793	522.660797	141.0
794	523.011588	142.0
795	523.362339	140.0
796	523.71305	143.0
797	524.063722	142.0
798	524.414353	138.0
799	524.764945	142.0
800	525.115497	142.0
801	525.46601	150.0
802	525.816482	140.0
803	526.166915	139.0
804	526.517308	144.0
805	526.867661	138.0
806	527.217974	141.0
807	527.568247	143.0
808	527.91848	146.0
809	528.268674	147.0
810	528.618828	145.0
811	528.968941	148.0
812	529.319015	142.0
813	529.669049	148.0
814	530.019043	142.0
815	530.368997	140.0
816	530.718911	143.0
817	531.068785	146.0
818	531.418619	141.0
819	531.768414	140.0
820	532.118168	142.0
821	532.467882	150.0
822	532.817556	148.0
823	533.16719	148.0
824	533.516785	141.0
825	533.866339	143.0
826	534.215853	146.0
827	534.565327	146.0
828	534.914761	140.0
829	535.264155	145.0
830	535.613509	141.0
831	535.962823	147.0
832	536.312096	147.0
833	536.66133	144.0
834	537.010523	145.0
835	537.359677	146.0
836	537.70879	153.0
837	538.057863	144.0
838	538.406896	148.0
839	538.755889	148.0
840	539.104842	179.0
841	539.453754	184.0
842	539.802626	152.0
843	540.151458	147.0
844	540.50025	148.0
845	540.849002	145.0
846	541.197713	145.0
847	541.546385	145.0
848	541.895016	154.0
849	542.243606	150.0
850	542.592157	145.0
851	542.940667	152.0
852	543.289137	146.0
853	543.637567	162.0
854	543.985956	153.0
855	544.334305	147.0
856	544.682614	146.0
857	545.030882	143.0
858	545.37911	148.0
859	545.727298	147.0
860	546.075446	154.0
861	546.423553	168.0
862	546.771619	172.0
863	547.119646	146.0
864	547.467631	146.0
865	547.815577	146.0
866	548.163482	152.0
867	548.511347	156.0
868	548.859171	146.0
869	549.206955	151.0
870	549.554698	150.0
871	549.902401	145.0
872	550.250064	145.0
873	550.597686	146.0
874	550.945267	148.0
875	551.292808	152.0
876	551.640309	147.0
877	551.987769	153.0
878	552.335189	149.0
879	552.682568	166.0
880	553.029906	149.0
881	553.377204	152.0
882	553.724461	148.0
883	554.071678	145.0
884	554.418854	155.0
885	554.76599	142.0
886	555.113085	159.0
887	555.46014	144.0
888	555.807154	147.0
889	556.154127	154.0
890	556.50106	151.0
891	556.847952	159.0
892	557.194803	145.0
893	557.541614	149.0
894	557.888384	152.0
895	558.235113	146.0
896	558.581802	152.0
897	558.92845	157.0
898	559.275057	151.0
899	559.621624	147.0
900	559.96815	146.0
901	560.314635	174.0
902	560.661079	153.0
903	561.007483	148.0
904	561.353846	151.0
905	561.700168	154.0
906	562.046449	146.0
907	562.39269	156.0
908	562.73889	155.0
909	563.085049	151.0
910	563.431167	146.0
911	563.777245	150.0
912	564.123281	159.0
913	564.469277	149.0
914	564.815232	148.0
915	565.161146	146.0
916	565.507019	151.0
917	565.852851	154.0
918	566.198643	153.0
919	566.544393	160.0
920	566.890103	150.0
921	567.235772	152.0
922	567.581399	152.0
923	567.926986	148.0
924	568.272532	161.0
925	568.618037	151.0
926	568.963501	149.0
927	569.308924	148.0
928	569.654306	153.0
929	569.999647	149.0
930	570.344948	154.0
931	570.690207	153.0
932	571.035425	154.0
933	571.380602	150.0
934	571.725738	150.0
935	572.070833	148.0
936	572.415887	152.0
937	572.7609	153.0
938	573.105872	153.0
939	573.450803	148.0
940	573.795692	151.0
941	574.140541	150.0
942	574.485348	146.0
943	574.830115	148.0
944	575.17484	150.0
945	575.519524	147.0
946	575.864167	153.0
947	576.208769	158.0
948	576.55333	153.0
949	576.897849	150.0
950	577.242328	152.0
951	577.586765	143.0
952	577.931161	145.0
953	578.275515	150.0
954	578.619829	152.0
955	578.964101	151.0
956	579.308332	149.0
957	579.652522	154.0
958	579.996671	164.0
959	580.340778	150.0
960	580.684844	152.0
961	581.028869	158.0
962	581.372853	154.0
963	581.716795	149.0
964	582.060696	149.0
965	582.404555	149.0
966	582.748374	151.0
967	583.092151	151.0
968	583.435886	150.0
969	583.779581	153.0
970	584.123234	153.0
971	584.466845	155.0
972	584.810415	156.0
973	585.153944	151.0
974	585.497431	148.0
975	585.840877	149.0
976	586.184282	150.0
977	586.527645	171.0
978	586.870967	152.0
979	587.214247	157.0
980	587.557486	153.0
981	587.900683	148.0
982	588.243839	156.0
983	588.586953	156.0
984	588.930026	146.0
985	589.273058	152.0
986	589.616048	152.0
987	589.958996	158.0
988	590.301903	149.0
989	590.644768	149.0
990	590.987592	150.0
991	591.330374	152.0
992	591.673115	196.0
993	592.015814	149.0
994	592.358472	154.0
995	592.701087	145.0
996	593.043662	150.0
997	593.386195	156.0
998	593.728686	159.0
999	594.071135	151.0
1000	594.413543	155.0
1001	594.755909	149.0
1002	595.098234	154.0
1003	595.440517	150.0
1004	595.782758	153.0
1005	596.124957	152.0
1006	596.467115	155.0
1007	596.809231	213.0
1008	597.151306	151.0
1009	597.493339	150.0
1010	597.83533	145.0
1011	598.177279	158.0
1012	598.519186	148.0
1013	598.861052	149.0
1014	599.202876	152.0
1015	599.544658	148.0
1016	599.886399	148.0
1017	600.228097	223.0
1018	600.569754	147.0
1019	600.911369	148.0
1020	601.252942	150.0
1021	601.594474	150.0
1022	601.935963	148.0
1023	602.277411	149.0
1024	602.618817	151.0
1025	602.960181	147.0
1026	603.301503	150.0
1027	603.642783	149.0
1028	603.984022	156.0
1029	604.325218	146.0
1030	604.666373	152.0
1031	605.007485	148.0
1032	605.348556	154.0
1033	605.689585	153.0
1034	606.030571	151.0
1035	606.371516	140.0
1036	606.712419	144.0
1037	607.05328	166.0
1038	607.394099	155.0
1039	607.734876	155.0
1040	608.075611	156.0
1041	608.416304	158.0
1042	608.756955	150.0
1043	609.097563	144.0
1044	609.43813	140.0
1045	609.778655	149.0
1046	610.119138	153.0
1047	610.459578	142.0
1048	610.799977	144.0
1049	611.140333	141.0
1050	611.480648	149.0
1051	611.82092	148.0
1052	612.16115	148.0
1053	612.501338	152.0
1054	612.841484	142.0
1055	613.181588	150.0
1056	613.52165	150.0
1057	613.861669	146.0
1058	614.201647	148.0
1059	614.541582	142.0
1060	614.881475	146.0
1061	615.221325	148.0
1062	615.561134	154.0
1063	615.9009	150.0
1064	616.240624	153.0
1065	616.580306	141.0
1066	616.919946	152.0
1067	617.259543	143.0
1068	617.599098	148.0
1069	617.938611	159.0
1070	618.278082	150.0
1071	618.61751	152.0
1072	618.956896	143.0
1073	619.29624	147.0
1074	619.635541	144.0
1075	619.9748	145.0
1076	620.314017	146.0
1077	620.653191	150.0
1078	620.992323	154.0
1079	621.331413	146.0
1080	621.67046	152.0
1081	622.009465	148.0
1082	622.348428	158.0
1083	622.687348	148.0
1084	623.026226	145.0
1085	623.365061	153.0
1086	623.703854	144.0
1087	624.042604	151.0
1088	624.381312	140.0
1089	624.719978	138.0
1090	625.058601	140.0
1091	625.397182	157.0
1092	625.73572	140.0
1093	626.074215	144.0
1094	626.412669	153.0
1095	626.751079	164.0
1096	627.089447	144.0
1097	627.427773	148.0
1098	627.766056	150.0
1099	628.104297	143.0
1100	628.442494	144.0
1101	628.78065	146.0
1102	629.118763	141.0
1103	629.456833	140.0
1104	629.794861	147.0
1105	630.132846	143.0
1106	630.470788	144.0
1107	630.808688	139.0
1108	631.146545	146.0
1109	631.48436	143.0
1110	631.822132	159.0
1111	632.159861	144.0
1112	632.497548	141.0
1113	632.835192	140.0
1114	633.172793	136.0
1115	633.510351	142.0
1116	633.847867	142.0
1117	634.185341	146.0
1118	634.522771	146.0
1119	634.860159	140.0
1120	635.197504	138.0
1121	635.534806	138.0
1122	635.872065	145.0
1123	636.209282	138.0
1124	636.546456	139.0
1125	636.883587	137.0
1126	637.220676	135.0
1127	637.557721	146.0
1128	637.894724	143.0
1129	638.231684	139.0
1130	638.568601	144.0
1131	638.905475	143.0
1132	639.242307	141.0
1133	639.579095	141.0
1134	639.915841	157.0
1135	640.252544	141.0
1136	640.589204	144.0
1137	640.925821	139.0
1138	641.262395	138.0
1139	641.598926	132.0
1140	641.935414	141.0
1141	642.27186	144.0
1142	642.608262	147.0
1143	642.944622	140.0
1144	643.280938	140.0
1145	643.617212	138.0
1146	643.953442	147.0
1147	644.28963	137.0
1148	644.625775	135.0
1149	644.961876	135.0
1150	645.297935	135.0
1151	645.63395	138.0
1152	645.969923	134.0
1153	646.305853	144.0
1154	646.641739	135.0
1155	646.977582	141.0
1156	647.313383	135.0
1157	647.64914	136.0
1158	647.984854	186.0
1159	648.320525	137.0
1160	648.656153	137.0
1161	648.991738	138.0
1162	649.32728	132.0
1163	649.662778	135.0
1164	649.998234	134.0
1165	650.333646	146.0
1166	650.669015	137.0
1167	651.004341	135.0
1168	651.339624	132.0
1169	651.674864	140.0
1170	652.01006	136.0
1171	652.345213	133.0
1172	652.680323	141.0
1173	653.01539	139.0
1174	653.350414	137.0
1175	653.685394	206.0
1176	654.020331	140.0
1177	654.355225	139.0
1178	654.690075	138.0
1179	655.024883	132.0
1180	655.359647	136.0
1181	655.694367	138.0
1182	656.029045	148.0
1183	656.363679	142.0
1184	656.698269	139.0
1185	657.032817	136.0
1186	657.367321	136.0
1187	657.701781	131.0
1188	658.036199	137.0
1189	658.370573	132.0
1190	658.704903	136.0
1191	659.039191	135.0
1192	659.373434	141.0
1193	659.707635	131.0
1194	660.041792	136.0
1195	660.375905	135.0
1196	660.709975	132.0
1197	661.044002	136.0
1198	661.377985	138.0
1199	661.711925	129.0
1200	662.045821	150.0
1201	662.379674	130.0
1202	662.713483	136.0
1203	663.047249	164.0
1204	663.380971	131.0
1205	663.71465	136.0
1206	664.048285	133.0
1207	664.381877	133.0
1208	664.715425	132.0
1209	665.04893	135.0
1210	665.382391	132.0
1211	665.715808	131.0
1212	666.049182	141.0
1213	666.382513	136.0
1214	666.715799	155.0
1215	667.049042	138.0
1216	667.382242	132.0
1217	667.715398	132.0
1218	668.04851	138.0
1219	668.381579	147.0
1220	668.714603	130.0
1221	669.047585	130.0
1222	669.380522	134.0
1223	669.713416	159.0
1224	670.046266	137.0
1225	670.379073	126.0
1226	670.711836	134.0
1227	671.044555	133.0
1228	671.37723	131.0
1229	671.709862	132.0
1230	672.042449	129.0
1231	672.374994	133.0
1232	672.707494	129.0
1233	673.03995	130.0
1234	673.372363	141.0
1235	673.704732	145.0
1236	674.037057	135.0
1237	674.369339	129.0
1238	674.701576	127.0
1239	675.03377	127.0
1240	675.36592	130.0
1241	675.698026	131.0
1242	676.030088	140.0
1243	676.362106	133.0
1244	676.694081	129.0
1245	677.026011	129.0
1246	677.357898	131.0
1247	677.689741	129.0
1248	678.02154	130.0
1249	678.353295	132.0
1250	678.685006	130.0
1251	679.016673	134.0
1252	679.348296	125.0
1253	679.679875	135.0
1254	680.01141	128.0
1255	680.342901	128.0
1256	680.674348	124.0
1257	681.005752	132.0
1258	681.337111	132.0
1259	681.668426	130.0
1260	681.999697	128.0
1261	682.330924	126.0
1262	682.662107	129.0
1263	682.993246	129.0
1264	683.324341	129.0
1265	683.655392	144.0
1266	683.986399	147.0
1267	684.317362	127.0
1268	684.648281	128.0
1269	684.979155	128.0
1270	685.309986	127.0
1271	685.640772	129.0
1272	685.971514	129.0
1273	686.302212	133.0
1274	686.632866	129.0
1275	686.963476	140.0
1276	687.294041	126.0
1277	687.624563	126.0
1278	687.95504	126.0
1279	688.285473	131.0
1280	688.615862	135.0
1281	688.946206	129.0
1282	689.276507	129.0
1283	689.606763	130.0
1284	689.936975	132.0
1285	690.267142	132.0
1286	690.597266	126.0
1287	690.927345	136.0
1288	691.257379	129.0
1289	691.58737	128.0
1290	691.917316	126.0
1291	692.247218	127.0
1292	692.577076	123.0
1293	692.906889	124.0
1294	693.236658	142.0
1295	693.566383	137.0
1296	693.896063	131.0
1297	694.225699	131.0
1298	694.55529	129.0
1299	694.884837	129.0
1300	695.21434	133.0
1301	695.543798	126.0
1302	695.873212	125.0
1303	696.202582	127.0
1304	696.531907	125.0
1305	696.861188	196.0
1306	697.190424	127.0
1307	697.519616	123.0
1308	697.848763	122.0
1309	698.177866	124.0
1310	698.506924	147.0
1311	698.835938	131.0
1312	699.164907	126.0
1313	699.493832	128.0
1314	699.822712	124.0
1315	700.151548	124.0
1316	700.480339	123.0
1317	700.809086	125.0
1318	701.137788	128.0
1319	701.466446	136.0
1320	701.795059	135.0
1321	702.123627	127.0
1322	702.452151	130.0
1323	702.78063	125.0
1324	703.109065	130.0
1325	703.437455	134.0
1326	703.7658	127.0
1327	704.094101	127.0
1328	704.422357	126.0
1329	704.750569	121.0
1330	705.078735	129.0
1331	705.406857	127.0
1332	705.734935	127.0
1333	706.062968	124.0
1334	706.390956	127.0
1335	706.718899	127.0
1336	707.046797	128.0
1337	707.374651	124.0
1338	707.70246	123.0
1339	708.030225	129.0
1340	708.357944	126.0
1341	708.685619	124.0
1342	709.013249	127.0
1343	709.340835	129.0
1344	709.668375	129.0
1345	709.995871	132.0
1346	710.323322	127.0
1347	710.650728	128.0
1348	710.978089	145.0
1349	711.305405	135.0
1350	711.632677	147.0
1351	711.959904	129.0
1352	712.287085	124.0
1353	712.614222	122.0
1354	712.941314	122.0
1355	713.268361	126.0
1356	713.595364	125.0
1357	713.922321	126.0
1358	714.249233	121.0
1359	714.576101	122.0
1360	714.902923	123.0
1361	715.229701	124.0
1362	715.556434	130.0
1363	715.883121	127.0
1364	716.209764	126.0
1365	716.536362	129.0
1366	716.862914	124.0
1367	717.189422	129.0
1368	717.515885	129.0
1369	717.842302	123.0
1370	718.168675	124.0
1371	718.495003	145.0
1372	718.821285	129.0
1373	719.147523	124.0
1374	719.473715	126.0
1375	719.799862	123.0
1376	720.125965	127.0
1377	720.452022	124.0
1378	720.778034	125.0
1379	721.104001	150.0
1380	721.429923	130.0
1381	721.755799	125.0
1382	722.081631	129.0
1383	722.407417	126.0
1384	722.733158	124.0
1385	723.058854	129.0
1386	723.384505	150.0
1387	723.710111	131.0
1388	724.035671	125.0
1389	724.361187	121.0
1390	724.686657	124.0
1391	725.012081	127.0
1392	725.337461	122.0
1393	725.662795	138.0
1394	725.988084	136.0
1395	726.313328	125.0
1396	726.638527	124.0
1397	726.96368	127.0
1398	727.288788	124.0
1399	727.613851	126.0
1400	727.938868	124.0
1401	728.26384	130.0
1402	728.588767	134.0
1403	728.913648	129.0
1404	729.238484	133.0
1405	729.563275	123.0
1406	729.88802	125.0
1407	730.21272	122.0
1408	730.537375	130.0
1409	730.861984	124.0
1410	731.186548	126.0
1411	731.511066	125.0
1412	731.835539	125.0
1413	732.159967	140.0
1414	732.484349	133.0
1415	732.808685	133.0
1416	733.132977	123.0
1417	733.457222	123.0
1418	733.781423	134.0
1419	734.105577	131.0
1420	734.429687	124.0
1421	734.75375	126.0
1422	735.077769	123.0
1423	735.401741	123.0
1424	735.725669	128.0
1425	736.04955	133.0
1426	736.373387	124.0
1427	736.697177	125.0
1428	737.020922	122.0
1429	737.344622	123.0
1430	737.668275	124.0
1431	737.991884	122.0
1432	738.315446	145.0
1433	738.638963	129.0
1434	738.962435	124.0
1435	739.285861	127.0
1436	739.609241	129.0
1437	739.932575	131.0
1438	740.255864	122.0
1439	740.579107	121.0
1440	740.902305	127.0
1441	741.225457	124.0
1442	741.548563	123.0
1443	741.871623	126.0
1444	742.194638	127.0
1445	742.517607	127.0
1446	742.84053	125.0
1447	743.163408	127.0
1448	743.48624	123.0
1449	743.809026	123.0
1450	744.131766	131.0
1451	744.45446	130.0
1452	744.777109	127.0
1453	745.099712	128.0
1454	745.422269	124.0
1455	745.74478	123.0
1456	746.067246	127.0
1457	746.389665	125.0
1458	746.712039	129.0
1459	747.034367	128.0
1460	747.356649	130.0
1461	747.678885	128.0
1462	748.001076	125.0
1463	748.32322	128.0
1464	748.645319	124.0
1465	748.967371	121.0
1466	749.289378	123.0
1467	749.611339	126.0
1468	749.933254	126.0
1469	750.255123	129.0
1470	750.576946	124.0
1471	750.898723	124.0
1472	751.220454	126.0
1473	751.542139	126.0
1474	751.863778	128.0
1475	752.185371	124.0
1476	752.506918	126.0
1477	752.828419	126.0
1478	753.149874	129.0
1479	753.471283	127.0
1480	753.792646	128.0
1481	754.113963	137.0
1482	754.435234	128.0
1483	754.756459	128.0
1484	755.077637	132.0
1485	755.39877	121.0
1486	755.719857	124.0
1487	756.040897	121.0
1488	756.361891	129.0
1489	756.682839	129.0
1490	757.003741	126.0
1491	757.324597	124.0
1492	757.645407	122.0
1493	757.966171	127.0
1494	758.286888	126.0
1495	758.607559	132.0
1496	758.928184	129.0
1497	759.248763	128.0
1498	759.569296	127.0
1499	759.889782	130.0
1500	760.210222	127.0
1501	760.530616	125.0
1502	760.850964	129.0
1503	761.171265	129.0
1504	761.491521	125.0
1505	761.811729	122.0
1506	762.131892	128.0
1507	762.452008	128.0
1508	762.772078	123.0
1509	763.092102	124.0
1510	763.41208	124.0
1511	763.732011	131.0
1512	764.051895	133.0
1513	764.371734	123.0
1514	764.691526	121.0
1515	765.011272	125.0
1516	765.330971	124.0
1517	765.650624	123.0
1518	765.97023	124.0
1519	766.28979	128.0
1520	766.609304	132.0
1521	766.928771	147.0
1522	767.248192	128.0
1523	767.567567	123.0
1524	767.886895	124.0
1525	768.206176	123.0
1526	768.525411	128.0
1527	768.8446	126.0
1528	769.163742	125.0
1529	769.482838	129.0
1530	769.801887	124.0
1531	770.120889	121.0
1532	770.439845	125.0
1533	770.758755	131.0
1534	771.077618	129.0
1535	771.396435	126.0
1536	771.715204	125.0
1537	772.033928	130.0
1538	772.352605	132.0
1539	772.671235	128.0
1540	772.989818	126.0
1541	773.308355	127.0
1542	773.626846	125.0
1543	773.945289	129.0
1544	774.263687	126.0
1545	774.582037	124.0
1546	774.900341	124.0
1547	775.218598	126.0
1548	775.536809	130.0
1549	775.854972	130.0
1550	776.17309	133.0
1551	776.49116	124.0
1552	776.809184	124.0
1553	777.127161	128.0
1554	777.445091	129.0
1555	777.762975	130.0
1556	778.080811	135.0
1557	778.398602	129.0
1558	778.716345	126.0
1559	779.034041	129.0
1560	779.351691	125.0
1561	779.669294	141.0
1562	779.98685	131.0
1563	780.30436	130.0
1564	780.621822	127.0
1565	780.939238	127.0
1566	781.256607	133.0
1567	781.573929	130.0
1568	781.891204	132.0
1569	782.208433	127.0
1570	782.525614	132.0
1571	782.842749	129.0
1572	783.159837	130.0
1573	783.476878	124.0
1574	783.793871	122.0
1575	784.110818	126.0
1576	784.427719	128.0
1577	784.744572	126.0
1578	785.061378	127.0
1579	785.378137	125.0
1580	785.69485	126.0
1581	786.011515	125.0
1582	786.328133	123.0
1583	786.644705	129.0
1584	786.961229	128.0
1585	787.277706	141.0
1586	787.594137	132.0
1587	787.91052	129.0
1588	788.226856	129.0
1589	788.543146	126.0
1590	788.859388	124.0
1591	789.175583	131.0
1592	789.491731	133.0
1593	789.807832	129.0
1594	790.123886	131.0
1595	790.439893	127.0
1596	790.755852	132.0
1597	791.071765	132.0
1598	791.38763	122.0
1599	791.703449	151.0
1600	792.01922	127.0
1601	792.334944	131.0
1602	792.65062	123.0
1603	792.96625	121.0
1604	793.281833	127.0
1605	793.597368	132.0
1606	793.912856	132.0
1607	794.228297	126.0
1608	794.543691	138.0
1609	794.859037	127.0
1610	795.174336	124.0
1611	795.489588	126.0
1612	795.804793	123.0
1613	796.11995	126.0
1614	796.43506	125.0
1615	796.750123	127.0
1616	797.065139	128.0
1617	797.380107	126.0
1618	797.695028	129.0
1619	798.009902	126.0
1620	798.324728	131.0
1621	798.639507	128.0
1622	798.954239	123.0
1623	799.268923	132.0
1624	799.58356	133.0
1625	799.89815	131.0
1626	800.212692	136.0
1627	800.527187	130.0
1628	800.841634	123.0
1629	801.156034	124.0
1630	801.470386	126.0
1631	801.784692	125.0
1632	802.098949	131.0
1633	802.413159	140.0
1634	802.727322	133.0
1635	803.041438	135.0
1636	803.355505	128.0
1637	803.669526	128.0
1638	803.983499	129.0
1639	804.297424	130.0
1640	804.611302	125.0
1641	804.925132	125.0
1642	805.238915	127.0
1643	805.55265	129.0
1644	805.866338	129.0
1645	806.179978	122.0
1646	806.49357	131.0
1647	806.807115	129.0
1648	807.120613	132.0
1649	807.434063	130.0
1650	807.747465	128.0
1651	808.060819	129.0
1652	808.374126	128.0
1653	808.687386	174.0
1654	809.000597	125.0
1655	809.313761	133.0
1656	809.626878	137.0
1657	809.939947	132.0
1658	810.252968	147.0
1659	810.565941	164.0
1660	810.878867	128.0
1661	811.191745	130.0
1662	811.504575	128.0
1663	811.817357	134.0
1664	812.130092	127.0
1665	812.442779	130.0
1666	812.755419	132.0
1667	813.06801	134.0
1668	813.380554	127.0
1669	813.69305	152.0
1670	814.005498	136.0
1671	814.317898	129.0
1672	814.630251	127.0
1673	814.942556	131.0
1674	815.254813	131.0
1675	815.567022	137.0
1676	815.879183	134.0
1677	816.191297	135.0
1678	816.503362	186.0
1679	816.81538	130.0
1680	817.12735	126.0
1681	817.439272	129.0
1682	817.751146	130.0
1683	818.062972	126.0
1684	818.37475	129.0
1685	818.68648	137.0
1686	818.998163	131.0
1687	819.309797	130.0
1688	819.621383	127.0
1689	819.932922	129.0
1690	820.244412	138.0
1691	820.555855	132.0
1692	820.86725	128.0
1693	821.178596	128.0
1694	821.489895	131.0
1695	821.801145	132.0
1696	822.112348	124.0
1697	822.423502	130.0
1698	822.734609	127.0
1699	823.045667	127.0
1700	823.356677	134.0
1701	823.667639	133.0
1702	823.978554	134.0
1703	824.28942	125.0
1704	824.600238	132.0
1705	824.911007	131.0
1706	825.221729	132.0
1707	825.532403	131.0
1708	825.843028	129.0
1709	826.153606	126.0
1710	826.464135	126.0
1711	826.774616	126.0
1712	827.085049	132.0
1713	827.395433	129.0
1714	827.70577	136.0
1715	828.016058	134.0
1716	828.326298	134.0
1717	828.63649	163.0
1718	828.946633	133.0
1719	829.256729	126.0
1720	829.566776	131.0
1721	829.876775	128.0
1722	830.186725	133.0
1723	830.496628	126.0
1724	830.806482	124.0
1725	831.116287	131.0
1726	831.426045	129.0
1727	831.735754	128.0
1728	832.045415	130.0
1729	832.355027	132.0
1730	832.664591	127.0
1731	832.974107	134.0
1732	833.283575	128.0
1733	833.592994	133.0
1734	833.902364	133.0
1735	834.211687	130.0
1736	834.520961	133.0
1737	834.830186	134.0
1738	835.139363	130.0
1739	835.448492	125.0
1740	835.757572	136.0
1741	836.066604	134.0
1742	836.375587	151.0
1743	836.684522	128.0
1744	836.993409	126.0
1745	837.302247	127.0
1746	837.611036	131.0
1747	837.919777	126.0
1748	838.228469	127.0
1749	838.537113	135.0
1750	838.845709	169.0
1751	839.154256	131.0
1752	839.462754	129.0
1753	839.771204	156.0
1754	840.079605	129.0
1755	840.387958	130.0
1756	840.696262	126.0
1757	841.004518	127.0
1758	841.312724	129.0
1759	841.620883	133.0
1760	841.928992	127.0
1761	842.237054	126.0
1762	842.545066	130.0
1763	842.85303	126.0
1764	843.160945	138.0
1765	843.468811	130.0
1766	843.776629	132.0
1767	844.084398	127.0
1768	844.392119	123.0
1769	844.699791	124.0
1770	845.007414	126.0
1771	845.314988	159.0
1772	845.622514	131.0
1773	845.929991	127.0
1774	846.237419	130.0
1775	846.544798	157.0
1776	846.852129	128.0
1777	847.159411	126.0
1778	847.466644	123.0
1779	847.773828	128.0
1780	848.080964	131.0
1781	848.38805	125.0
1782	848.695088	129.0
1783	849.002077	129.0
1784	849.309017	128.0
1785	849.615909	124.0
1786	849.922751	133.0
1787	850.229545	133.0
1788	850.53629	134.0
1789	850.842986	138.0
1790	851.149633	125.0
1791	851.456231	130.0
1792	851.76278	127.0
1793	852.06928	124.0
1794	852.375732	122.0
1795	852.682134	124.0
1796	852.988488	125.0
1797	853.294792	122.0
1798	853.601048	133.0
1799	853.907254	125.0
1800	854.213412	123.0
1801	854.519521	124.0
1802	854.82558	124.0
1803	855.131591	122.0
1804	855.437552	124.0
1805	855.743465	130.0
1806	856.049328	122.0
1807	856.355143	125.0
1808	856.660908	132.0
1809	856.966625	134.0
1810	857.272292	126.0
1811	857.57791	126.0
1812	857.883479	128.0
1813	858.188999	130.0
1814	858.49447	129.0
1815	858.799892	124.0
1816	859.105265	122.0
1817	859.410588	124.0
1818	859.715863	127.0
1819	860.021088	129.0
1820	860.326264	131.0
1821	860.631391	123.0
1822	860.936469	132.0
1823	861.241497	125.0
1824	861.546476	121.0
1825	861.851407	135.0
1826	862.156287	123.0
1827	862.461119	125.0
1828	862.765901	124.0
1829	863.070635	129.0
1830	863.375319	130.0
1831	863.679953	126.0
1832	863.984539	129.0
1833	864.289075	129.0
1834	864.593561	125.0
1835	864.897999	127.0
1836	865.202387	130.0
1837	865.506726	134.0
1838	865.811015	131.0
1839	866.115256	130.0
1840	866.419446	128.0
1841	866.723588	123.0
1842	867.02768	127.0
1843	867.331723	132.0
1844	867.635716	129.0
1845	867.93966	137.0
1846	868.243555	126.0
1847	868.5474	127.0
1848	868.851195	134.0
1849	869.154942	128.0
1850	869.458639	131.0
1851	869.762286	129.0
1852	870.065884	124.0
1853	870.369432	125.0
1854	870.672931	123.0
1855	870.976381	128.0
1856	871.279781	124.0
1857	871.583131	124.0
1858	871.886432	129.0
1859	872.189684	127.0
1860	872.492886	135.0
1861	872.796038	128.0
1862	873.099141	126.0
1863	873.402194	125.0
1864	873.705198	123.0
1865	874.008152	132.0
1866	874.311057	126.0
1867	874.613911	128.0
1868	874.916717	125.0
1869	875.219473	127.0
1870	875.522179	126.0
1871	875.824835	129.0
1872	876.127442	132.0
1873	876.429999	130.0
1874	876.732507	127.0
1875	877.034964	124.0
1876	877.337373	122.0
1877	877.639731	127.0
1878	877.94204	124.0
1879	878.244299	161.0
1880	878.546508	132.0
1881	878.848668	126.0
1882	879.150778	121.0
1883	879.452838	128.0
1884	879.754848	124.0
1885	880.056809	180.0
1886	880.35872	129.0
1887	880.660581	137.0
1888	880.962392	130.0
1889	881.264154	127.0
1890	881.565865	128.0
1891	881.867527	126.0
1892	882.169139	127.0
1893	882.470702	124.0
1894	882.772214	131.0
1895	883.073676	131.0
1896	883.375089	124.0
1897	883.676452	128.0
1898	883.977765	130.0
1899	884.279028	128.0
1900	884.580241	126.0
1901	884.881404	124.0
1902	885.182517	127.0
1903	885.483581	133.0
1904	885.784594	130.0
1905	886.085557	124.0
1906	886.386471	130.0
1907	886.687335	128.0
1908	886.988148	124.0
1909	887.288912	128.0
1910	887.589625	127.0
1911	887.890289	129.0
1912	888.190903	128.0
1913	888.491466	124.0
1914	888.79198	123.0
1915	889.092443	138.0
1916	889.392857	127.0
1917	889.69322	123.0
1918	889.993533	123.0
1919	890.293797	128.0
1920	890.59401	123.0
1921	890.894173	142.0
1922	891.194286	131.0
1923	891.494349	128.0
1924	891.794361	128.0
1925	892.094324	129.0
1926	892.394237	124.0
1927	892.694099	131.0
1928	892.993911	124.0
1929	893.293673	123.0
1930	893.593385	126.0
1931	893.893047	124.0
1932	894.192658	124.0
1933	894.492219	126.0
1934	894.79173	124.0
1935	895.091191	130.0
1936	895.390602	126.0
1937	895.689962	123.0
1938	895.989272	128.0
1939	896.288532	134.0
1940	896.587742	126.0
1941	896.886901	148.0
1942	897.18601	129.0
1943	897.485069	126.0
1944	897.784077	125.0
1945	898.083035	126.0
1946	898.381943	123.0
1947	898.680801	128.0
1948	898.979608	146.0
1949	899.278364	128.0
1950	899.577071	125.0
1951	899.875727	124.0
1952	900.174333	124.0
1953	900.472888	124.0
1954	900.771393	122.0
1955	901.069847	125.0
1956	901.368251	136.0
1957	901.666605	133.0
1958	901.964908	126.0
1959	902.263161	123.0
1960	902.561363	127.0
1961	902.859515	129.0
1962	903.157616	141.0
1963	903.455667	131.0
1964	903.753668	146.0
1965	904.051618	126.0
1966	904.349517	125.0
1967	904.647366	160.0
1968	904.945164	129.0
1969	905.242912	122.0
1970	905.54061	128.0
1971	905.838256	125.0
1972	906.135853	124.0
1973	906.433398	122.0
1974	906.730893	124.0
1975	907.028338	126.0
1976	907.325731	129.0
1977	907.623075	127.0
1978	907.920367	122.0
1979	908.217609	126.0
1980	908.514801	128.0
1981	908.811941	122.0
1982	909.109032	129.0
1983	909.406071	124.0
1984	909.70306	127.0
1985	909.999998	135.0
1986	910.296885	124.0
1987	910.593722	125.0
1988	910.890508	120.0
1989	911.187243	124.0
1990	911.483928	125.0
1991	911.780561	126.0
1992	912.077144	125.0
1993	912.373677	127.0
1994	912.670158	124.0
1995	912.966589	125.0
1996	913.262969	128.0
1997	913.559298	128.0
1998	913.855577	125.0
1999	914.151804	122.0
2000	914.447981	125.0
2001	914.744107	124.0
2002	915.040182	125.0
2003	915.336206	212.0
2004	915.63218	184.0
2005	915.928102	133.0
2006	916.223974	130.0
2007	916.519794	126.0
2008	916.815564	132.0
2009	917.111283	131.0
2010	917.406951	122.0
2011	917.702569	124.0
2012	917.998135	124.0
2013	918.29365	129.0
2014	918.589114	123.0
2015	918.884528	121.0
2016	919.17989	122.0
2017	919.475202	123.0
2018	919.770462	129.0
2019	920.065672	129.0
2020	920.36083	125.0
2021	920.655938	125.0
2022	920.950994	128.0
2023	921.245999	121.0
2024	921.540954	122.0
2025	921.835857	125.0
2026	922.130709	123.0
2027	922.425511	120.0
2028	922.720261	129.0
2029	923.01496	124.0
2030	923.309608	129.0
2031	923.604205	124.0
2032	923.89875	136.0
2033	924.193245	126.0
2034	924.487688	124.0
2035	924.782081	120.0
2036	925.076422	120.0
2037	925.370712	122.0
2038	925.664951	150.0
2039	925.959139	129.0
2040	926.253275	124.0
