Unnamed: 0	wavelength	counts
0	232.734922	158.0
1	233.114346	133.0
2	233.493737	124.0
3	233.873095	123.0
4	234.252421	127.0
5	234.631715	124.0
6	235.010976	120.0
7	235.390204	126.0
8	235.7694	132.0
9	236.148564	119.0
10	236.527695	135.0
11	236.906793	130.0
12	237.285859	127.0
13	237.664892	122.0
14	238.043893	126.0
15	238.422861	124.0
16	238.801796	122.0
17	239.180699	122.0
18	239.559569	125.0
19	239.938407	124.0
20	240.317212	128.0
21	240.695984	130.0
22	241.074724	134.0
23	241.453431	133.0
24	241.832105	125.0
25	242.210747	127.0
26	242.589356	134.0
27	242.967932	131.0
28	243.346476	133.0
29	243.724986	134.0
30	244.103465	131.0
31	244.48191	173.0
32	244.860323	134.0
33	245.238702	134.0
34	245.61705	142.0
35	245.995364	130.0
36	246.373645	132.0
37	246.751894	128.0
38	247.13011	130.0
39	247.508293	132.0
40	247.886444	132.0
41	248.264561	145.0
42	248.642646	135.0
43	249.020698	130.0
44	249.398717	123.0
45	249.776703	138.0
46	250.154656	194.0
47	250.532576	133.0
48	250.910464	127.0
49	251.288318	152.0
50	251.66614	143.0
51	252.043929	134.0
52	252.421684	129.0
53	252.799407	187.0
54	253.177097	140.0
55	253.554754	130.0
56	253.932378	129.0
57	254.309969	134.0
58	254.687527	146.0
59	255.065052	145.0
60	255.442544	129.0
61	255.820003	130.0
62	256.197429	172.0
63	256.574822	132.0
64	256.952182	124.0
65	257.329509	129.0
66	257.706803	129.0
67	258.084063	130.0
68	258.461291	131.0
69	258.838486	134.0
70	259.215647	134.0
71	259.592775	126.0
72	259.969871	122.0
73	260.346933	128.0
74	260.723962	136.0
75	261.100958	130.0
76	261.47792	160.0
77	261.85485	137.0
78	262.231746	129.0
79	262.60861	131.0
80	262.98544	124.0
81	263.362236	128.0
82	263.739	129.0
83	264.115731	127.0
84	264.492428	129.0
85	264.869092	138.0
86	265.245722	133.0
87	265.62232	130.0
88	265.998884	196.0
89	266.375415	140.0
90	266.751913	136.0
91	267.128377	128.0
92	267.504808	134.0
93	267.881206	130.0
94	268.25757	130.0
95	268.633901	199.0
96	269.010199	136.0
97	269.386464	129.0
98	269.762695	131.0
99	270.138892	132.0
100	270.515057	129.0
101	270.891188	129.0
102	271.267285	127.0
103	271.64335	127.0
104	272.01938	134.0
105	272.395378	130.0
106	272.771342	130.0
107	273.147272	133.0
108	273.523169	133.0
109	273.899033	133.0
110	274.274863	126.0
111	274.65066	136.0
112	275.026423	130.0
113	275.402153	134.0
114	275.777849	134.0
115	276.153512	127.0
116	276.529141	126.0
117	276.904737	130.0
118	277.280299	130.0
119	277.655827	129.0
120	278.031322	145.0
121	278.406784	130.0
122	278.782212	133.0
123	279.157606	155.0
124	279.532967	133.0
125	279.908294	132.0
126	280.283587	129.0
127	280.658847	128.0
128	281.034074	131.0
129	281.409266	131.0
130	281.784425	126.0
131	282.15955	171.0
132	282.534642	168.0
133	282.9097	134.0
134	283.284724	125.0
135	283.659715	126.0
136	284.034672	133.0
137	284.409595	130.0
138	284.784485	134.0
139	285.15934	136.0
140	285.534162	128.0
141	285.908951	129.0
142	286.283705	132.0
143	286.658426	127.0
144	287.033113	131.0
145	287.407766	142.0
146	287.782386	128.0
147	288.156971	130.0
148	288.531523	127.0
149	288.906041	125.0
150	289.280525	127.0
151	289.654975	127.0
152	290.029392	124.0
153	290.403775	126.0
154	290.778123	126.0
155	291.152438	133.0
156	291.526719	131.0
157	291.900966	132.0
158	292.275179	127.0
159	292.649359	134.0
160	293.023504	131.0
161	293.397615	135.0
162	293.771693	135.0
163	294.145736	129.0
164	294.519746	136.0
165	294.893722	128.0
166	295.267663	128.0
167	295.641571	136.0
168	296.015444	130.0
169	296.389284	131.0
170	296.76309	130.0
171	297.136861	133.0
172	297.510599	127.0
173	297.884302	129.0
174	298.257972	126.0
175	298.631607	128.0
176	299.005209	131.0
177	299.378776	131.0
178	299.752309	132.0
179	300.125808	127.0
180	300.499273	162.0
181	300.872704	133.0
182	301.246101	127.0
183	301.619463	136.0
184	301.992792	137.0
185	302.366086	127.0
186	302.739346	126.0
187	303.112572	127.0
188	303.485764	166.0
189	303.858922	131.0
190	304.232045	130.0
191	304.605135	128.0
192	304.97819	128.0
193	305.35121	128.0
194	305.724197	129.0
195	306.097149	128.0
196	306.470067	132.0
197	306.842951	126.0
198	307.215801	131.0
199	307.588616	126.0
200	307.961397	129.0
201	308.334144	127.0
202	308.706856	136.0
203	309.079534	126.0
204	309.452178	133.0
205	309.824787	139.0
206	310.197362	128.0
207	310.569903	127.0
208	310.942409	131.0
209	311.314881	131.0
210	311.687319	129.0
211	312.059722	138.0
212	312.432091	139.0
213	312.804425	130.0
214	313.176725	133.0
215	313.54899	135.0
216	313.921222	130.0
217	314.293418	128.0
218	314.66558	134.0
219	315.037708	133.0
220	315.409801	141.0
221	315.78186	132.0
222	316.153884	126.0
223	316.525874	130.0
224	316.89783	130.0
225	317.26975	128.0
226	317.641637	133.0
227	318.013488	122.0
228	318.385305	131.0
229	318.757088	145.0
230	319.128836	133.0
231	319.500549	128.0
232	319.872228	130.0
233	320.243873	128.0
234	320.615482	137.0
235	320.987057	131.0
236	321.358598	128.0
237	321.730104	127.0
238	322.101575	133.0
239	322.473011	133.0
240	322.844413	167.0
241	323.215781	131.0
242	323.587113	129.0
243	323.958411	133.0
244	324.329674	138.0
245	324.700903	130.0
246	325.072096	129.0
247	325.443255	129.0
248	325.81438	132.0
249	326.185469	153.0
250	326.556524	130.0
251	326.927544	134.0
252	327.298529	130.0
253	327.66948	136.0
254	328.040396	138.0
255	328.411277	131.0
256	328.782123	135.0
257	329.152934	136.0
258	329.523711	142.0
259	329.894452	132.0
260	330.265159	133.0
261	330.635831	134.0
262	331.006468	128.0
263	331.377071	128.0
264	331.747638	128.0
265	332.118171	186.0
266	332.488668	136.0
267	332.859131	133.0
268	333.229559	126.0
269	333.599951	131.0
270	333.970309	134.0
271	334.340632	130.0
272	334.71092	134.0
273	335.081174	131.0
274	335.451392	139.0
275	335.821575	134.0
276	336.191723	130.0
277	336.561836	130.0
278	336.931914	132.0
279	337.301957	132.0
280	337.671966	133.0
281	338.041939	135.0
282	338.411877	127.0
283	338.78178	139.0
284	339.151648	130.0
285	339.521481	142.0
286	339.891278	131.0
287	340.261041	139.0
288	340.630769	132.0
289	341.000461	138.0
290	341.370119	127.0
291	341.739741	128.0
292	342.109328	128.0
293	342.47888	131.0
294	342.848397	138.0
295	343.217878	137.0
296	343.587325	128.0
297	343.956736	129.0
298	344.326112	138.0
299	344.695453	127.0
300	345.064759	130.0
301	345.43403	134.0
302	345.803265	141.0
303	346.172465	132.0
304	346.54163	144.0
305	346.910759	134.0
306	347.279854	126.0
307	347.648913	156.0
308	348.017936	142.0
309	348.386925	131.0
310	348.755878	132.0
311	349.124796	173.0
312	349.493678	137.0
313	349.862526	132.0
314	350.231337	134.0
315	350.600114	130.0
316	350.968855	139.0
317	351.337561	134.0
318	351.706231	126.0
319	352.074866	123.0
320	352.443466	127.0
321	352.81203	131.0
322	353.180559	132.0
323	353.549053	144.0
324	353.917511	133.0
325	354.285933	124.0
326	354.65432	137.0
327	355.022672	135.0
328	355.390988	132.0
329	355.759269	130.0
330	356.127514	128.0
331	356.495724	131.0
332	356.863898	126.0
333	357.232037	127.0
334	357.60014	124.0
335	357.968208	134.0
336	358.33624	136.0
337	358.704237	128.0
338	359.072198	129.0
339	359.440123	129.0
340	359.808013	126.0
341	360.175867	125.0
342	360.543686	179.0
343	360.911469	133.0
344	361.279217	129.0
345	361.646929	130.0
346	362.014605	130.0
347	362.382246	135.0
348	362.749851	132.0
349	363.11742	140.0
350	363.484954	149.0
351	363.852452	132.0
352	364.219914	131.0
353	364.587341	132.0
354	364.954732	131.0
355	365.322087	136.0
356	365.689406	134.0
357	366.05669	130.0
358	366.423938	134.0
359	366.79115	132.0
360	367.158327	132.0
361	367.525468	134.0
362	367.892573	131.0
363	368.259642	132.0
364	368.626675	130.0
365	368.993673	134.0
366	369.360634	128.0
367	369.72756	125.0
368	370.094451	128.0
369	370.461305	128.0
370	370.828123	154.0
371	371.194906	132.0
372	371.561653	128.0
373	371.928363	135.0
374	372.295038	133.0
375	372.661677	128.0
376	373.02828	133.0
377	373.394848	131.0
378	373.761379	138.0
379	374.127874	131.0
380	374.494334	127.0
381	374.860757	139.0
382	375.227145	127.0
383	375.593496	131.0
384	375.959812	134.0
385	376.326091	125.0
386	376.692335	135.0
387	377.058543	128.0
388	377.424714	125.0
389	377.79085	123.0
390	378.156949	130.0
391	378.523013	132.0
392	378.88904	131.0
393	379.255031	132.0
394	379.620987	127.0
395	379.986906	131.0
396	380.352789	130.0
397	380.718636	131.0
398	381.084447	133.0
399	381.450222	130.0
400	381.81596	133.0
401	382.181663	127.0
402	382.547329	133.0
403	382.91296	127.0
404	383.278554	127.0
405	383.644111	134.0
406	384.009633	130.0
407	384.375119	128.0
408	384.740568	130.0
409	385.105981	130.0
410	385.471358	130.0
411	385.836699	128.0
412	386.202003	128.0
413	386.567271	166.0
414	386.932503	138.0
415	387.297699	128.0
416	387.662858	133.0
417	388.027982	134.0
418	388.393068	130.0
419	388.758119	124.0
420	389.123133	125.0
421	389.488111	128.0
422	389.853053	178.0
423	390.217958	137.0
424	390.582827	136.0
425	390.947659	130.0
426	391.312456	126.0
427	391.677215	127.0
428	392.041939	135.0
429	392.406626	133.0
430	392.771277	128.0
431	393.135891	142.0
432	393.500469	144.0
433	393.86501	139.0
434	394.229515	128.0
435	394.593983	127.0
436	394.958415	131.0
437	395.322811	125.0
438	395.68717	128.0
439	396.051493	134.0
440	396.415779	127.0
441	396.780028	129.0
442	397.144242	132.0
443	397.508418	128.0
444	397.872558	134.0
445	398.236662	128.0
446	398.600729	130.0
447	398.964759	133.0
448	399.328753	128.0
449	399.69271	131.0
450	400.056631	129.0
451	400.420515	129.0
452	400.784363	130.0
453	401.148174	135.0
454	401.511948	129.0
455	401.875685	128.0
456	402.239386	130.0
457	402.603051	134.0
458	402.966678	134.0
459	403.330269	129.0
460	403.693824	131.0
461	404.057342	125.0
462	404.420822	129.0
463	404.784267	128.0
464	405.147674	125.0
465	405.511045	126.0
466	405.874379	128.0
467	406.237677	125.0
468	406.600937	127.0
469	406.964161	133.0
470	407.327348	128.0
471	407.690498	136.0
472	408.053612	131.0
473	408.416689	131.0
474	408.779729	170.0
475	409.142732	137.0
476	409.505698	129.0
477	409.868627	123.0
478	410.23152	129.0
479	410.594376	126.0
480	410.957195	130.0
481	411.319977	130.0
482	411.682722	126.0
483	412.04543	128.0
484	412.408101	131.0
485	412.770736	128.0
486	413.133333	127.0
487	413.495894	136.0
488	413.858418	135.0
489	414.220905	134.0
490	414.583354	129.0
491	414.945767	124.0
492	415.308143	138.0
493	415.670482	128.0
494	416.032784	128.0
495	416.395049	134.0
496	416.757277	127.0
497	417.119467	133.0
498	417.481621	134.0
499	417.843738	154.0
500	418.205818	134.0
501	418.567861	130.0
502	418.929866	134.0
503	419.291835	127.0
504	419.653766	136.0
505	420.015661	130.0
506	420.377518	127.0
507	420.739338	136.0
508	421.101121	137.0
509	421.462867	129.0
510	421.824576	132.0
511	422.186248	129.0
512	422.547882	126.0
513	422.90948	133.0
514	423.27104	127.0
515	423.632563	128.0
516	423.994049	124.0
517	424.355497	184.0
518	424.716909	134.0
519	425.078283	130.0
520	425.43962	160.0
521	425.80092	132.0
522	426.162182	138.0
523	426.523407	129.0
524	426.884595	129.0
525	427.245746	127.0
526	427.60686	140.0
527	427.967936	131.0
528	428.328975	129.0
529	428.689976	128.0
530	429.05094	126.0
531	429.411867	131.0
532	429.772757	131.0
533	430.133609	131.0
534	430.494424	130.0
535	430.855201	129.0
536	431.215941	130.0
537	431.576644	134.0
538	431.937309	174.0
539	432.297937	138.0
540	432.658528	138.0
541	433.019081	142.0
542	433.379596	133.0
543	433.740075	133.0
544	434.100515	138.0
545	434.460919	136.0
546	434.821284	140.0
547	435.181613	131.0
548	435.541904	132.0
549	435.902157	141.0
550	436.262373	130.0
551	436.622551	134.0
552	436.982692	132.0
553	437.342796	133.0
554	437.702861	139.0
555	438.06289	139.0
556	438.42288	143.0
557	438.782833	141.0
558	439.142749	140.0
559	439.502627	135.0
560	439.862467	138.0
561	440.22227	138.0
562	440.582035	133.0
563	440.941763	140.0
564	441.301453	137.0
565	441.661105	136.0
566	442.020719	145.0
567	442.380296	140.0
568	442.739836	140.0
569	443.099337	146.0
570	443.458801	137.0
571	443.818227	143.0
572	444.177616	140.0
573	444.536967	142.0
574	444.89628	150.0
575	445.255555	147.0
576	445.614793	211.0
577	445.973992	141.0
578	446.333154	138.0
579	446.692279	148.0
580	447.051365	141.0
581	447.410414	144.0
582	447.769425	136.0
583	448.128398	142.0
584	448.487334	146.0
585	448.846231	153.0
586	449.205091	145.0
587	449.563913	148.0
588	449.922697	209.0
589	450.281443	146.0
590	450.640151	146.0
591	450.998821	143.0
592	451.357454	147.0
593	451.716048	149.0
594	452.074605	140.0
595	452.433124	140.0
596	452.791605	146.0
597	453.150048	135.0
598	453.508452	141.0
599	453.86682	135.0
600	454.225149	138.0
601	454.58344	135.0
602	454.941693	146.0
603	455.299908	141.0
604	455.658085	140.0
605	456.016224	143.0
606	456.374325	138.0
607	456.732388	138.0
608	457.090413	138.0
609	457.4484	138.0
610	457.806349	147.0
611	458.16426	185.0
612	458.522133	140.0
613	458.879967	136.0
614	459.237764	137.0
615	459.595523	137.0
616	459.953243	133.0
617	460.310925	131.0
618	460.668569	137.0
619	461.026175	133.0
620	461.383743	137.0
621	461.741273	137.0
622	462.098765	138.0
623	462.456218	138.0
624	462.813633	132.0
625	463.17101	136.0
626	463.528349	196.0
627	463.88565	137.0
628	464.242912	136.0
629	464.600136	137.0
630	464.957322	137.0
631	465.31447	132.0
632	465.671579	297.0
633	466.02865	133.0
634	466.385683	136.0
635	466.742678	135.0
636	467.099634	136.0
637	467.456552	140.0
638	467.813432	134.0
639	468.170273	130.0
640	468.527076	136.0
641	468.883841	135.0
642	469.240567	131.0
643	469.597255	132.0
644	469.953905	134.0
645	470.310516	140.0
646	470.667089	146.0
647	471.023624	137.0
648	471.38012	135.0
649	471.736577	139.0
650	472.092997	157.0
651	472.449377	136.0
652	472.80572	128.0
653	473.162024	131.0
654	473.518289	135.0
655	473.874516	138.0
656	474.230705	141.0
657	474.586855	141.0
658	474.942966	136.0
659	475.299039	133.0
660	475.655074	131.0
661	476.01107	134.0
662	476.367027	137.0
663	476.722946	137.0
664	477.078827	132.0
665	477.434669	134.0
666	477.790472	141.0
667	478.146237	138.0
668	478.501963	154.0
669	478.85765	136.0
670	479.213299	141.0
671	479.568909	137.0
672	479.924481	138.0
673	480.280014	135.0
674	480.635508	139.0
675	480.990964	138.0
676	481.346381	140.0
677	481.70176	134.0
678	482.057099	139.0
679	482.4124	138.0
680	482.767663	134.0
681	483.122886	135.0
682	483.478071	138.0
683	483.833218	136.0
684	484.188325	133.0
685	484.543394	133.0
686	484.898424	145.0
687	485.253415	136.0
688	485.608367	136.0
689	485.963281	133.0
690	486.318156	131.0
691	486.672992	131.0
692	487.027789	136.0
693	487.382548	134.0
694	487.737267	143.0
695	488.091948	143.0
696	488.44659	156.0
697	488.801193	139.0
698	489.155758	145.0
699	489.510283	157.0
700	489.864769	140.0
701	490.219217	188.0
702	490.573626	139.0
703	490.927995	136.0
704	491.282326	134.0
705	491.636618	140.0
706	491.990871	136.0
707	492.345085	135.0
708	492.699261	148.0
709	493.053397	140.0
710	493.407494	139.0
711	493.761552	138.0
712	494.115571	137.0
713	494.469552	144.0
714	494.823493	142.0
715	495.177395	144.0
716	495.531258	139.0
717	495.885082	137.0
718	496.238867	140.0
719	496.592613	140.0
720	496.94632	140.0
721	497.299988	140.0
722	497.653617	148.0
723	498.007207	147.0
724	498.360757	147.0
725	498.714269	144.0
726	499.067741	153.0
727	499.421174	142.0
728	499.774569	143.0
729	500.127924	139.0
730	500.481239	142.0
731	500.834516	145.0
732	501.187754	137.0
733	501.540952	141.0
734	501.894111	146.0
735	502.247231	152.0
736	502.600312	139.0
737	502.953353	139.0
738	503.306355	142.0
739	503.659318	153.0
740	504.012242	184.0
741	504.365126	146.0
742	504.717972	151.0
743	505.070778	147.0
744	505.423544	134.0
745	505.776272	144.0
746	506.12896	153.0
747	506.481609	144.0
748	506.834218	142.0
749	507.186788	186.0
750	507.539319	148.0
751	507.89181	149.0
752	508.244262	150.0
753	508.596675	140.0
754	508.949048	188.0
755	509.301382	151.0
756	509.653677	148.0
757	510.005932	141.0
758	510.358148	146.0
759	510.710324	170.0
760	511.062461	147.0
761	511.414558	154.0
762	511.766616	145.0
763	512.118635	147.0
764	512.470614	157.0
765	512.822554	163.0
766	513.174454	185.0
767	513.526314	144.0
768	513.878135	145.0
769	514.229917	142.0
770	514.581659	143.0
771	514.933362	151.0
772	515.285025	156.0
773	515.636648	145.0
774	515.988232	143.0
775	516.339776	142.0
776	516.691281	162.0
777	517.042746	151.0
778	517.394172	147.0
779	517.745558	144.0
780	518.096904	163.0
781	518.448211	156.0
782	518.799478	148.0
783	519.150705	145.0
784	519.501893	162.0
785	519.853041	147.0
786	520.20415	164.0
787	520.555218	147.0
788	520.906247	160.0
789	521.257237	151.0
790	521.608186	162.0
791	521.959096	189.0
792	522.309967	146.0
793	522.660797	144.0
794	523.011588	144.0
795	523.362339	147.0
796	523.71305	152.0
797	524.063722	151.0
798	524.414353	148.0
799	524.764945	149.0
800	525.115497	146.0
801	525.46601	150.0
802	525.816482	151.0
803	526.166915	144.0
804	526.517308	155.0
805	526.867661	149.0
806	527.217974	147.0
807	527.568247	142.0
808	527.91848	149.0
809	528.268674	147.0
810	528.618828	148.0
811	528.968941	153.0
812	529.319015	148.0
813	529.669049	157.0
814	530.019043	147.0
815	530.368997	145.0
816	530.718911	149.0
817	531.068785	150.0
818	531.418619	151.0
819	531.768414	148.0
820	532.118168	147.0
821	532.467882	147.0
822	532.817556	147.0
823	533.16719	150.0
824	533.516785	152.0
825	533.866339	145.0
826	534.215853	149.0
827	534.565327	151.0
828	534.914761	149.0
829	535.264155	149.0
830	535.613509	152.0
831	535.962823	156.0
832	536.312096	151.0
833	536.66133	157.0
834	537.010523	154.0
835	537.359677	152.0
836	537.70879	153.0
837	538.057863	152.0
838	538.406896	154.0
839	538.755889	158.0
840	539.104842	199.0
841	539.453754	198.0
842	539.802626	154.0
843	540.151458	149.0
844	540.50025	152.0
845	540.849002	152.0
846	541.197713	153.0
847	541.546385	152.0
848	541.895016	154.0
849	542.243606	158.0
850	542.592157	156.0
851	542.940667	161.0
852	543.289137	158.0
853	543.637567	177.0
854	543.985956	160.0
855	544.334305	152.0
856	544.682614	159.0
857	545.030882	156.0
858	545.37911	158.0
859	545.727298	158.0
860	546.075446	157.0
861	546.423553	182.0
862	546.771619	191.0
863	547.119646	151.0
864	547.467631	153.0
865	547.815577	158.0
866	548.163482	157.0
867	548.511347	160.0
868	548.859171	156.0
869	549.206955	155.0
870	549.554698	154.0
871	549.902401	151.0
872	550.250064	155.0
873	550.597686	155.0
874	550.945267	156.0
875	551.292808	159.0
876	551.640309	151.0
877	551.987769	161.0
878	552.335189	155.0
879	552.682568	180.0
880	553.029906	154.0
881	553.377204	163.0
882	553.724461	153.0
883	554.071678	153.0
884	554.418854	162.0
885	554.76599	153.0
886	555.113085	165.0
887	555.46014	156.0
888	555.807154	156.0
889	556.154127	157.0
890	556.50106	157.0
891	556.847952	169.0
892	557.194803	152.0
893	557.541614	158.0
894	557.888384	163.0
895	558.235113	161.0
896	558.581802	159.0
897	558.92845	163.0
898	559.275057	158.0
899	559.621624	156.0
900	559.96815	156.0
901	560.314635	182.0
902	560.661079	153.0
903	561.007483	165.0
904	561.353846	154.0
905	561.700168	164.0
906	562.046449	158.0
907	562.39269	170.0
908	562.73889	162.0
909	563.085049	164.0
910	563.431167	152.0
911	563.777245	154.0
912	564.123281	172.0
913	564.469277	155.0
914	564.815232	154.0
915	565.161146	158.0
916	565.507019	155.0
917	565.852851	159.0
918	566.198643	158.0
919	566.544393	167.0
920	566.890103	158.0
921	567.235772	158.0
922	567.581399	157.0
923	567.926986	155.0
924	568.272532	174.0
925	568.618037	162.0
926	568.963501	155.0
927	569.308924	157.0
928	569.654306	154.0
929	569.999647	157.0
930	570.344948	152.0
931	570.690207	158.0
932	571.035425	162.0
933	571.380602	160.0
934	571.725738	157.0
935	572.070833	160.0
936	572.415887	159.0
937	572.7609	165.0
938	573.105872	155.0
939	573.450803	162.0
940	573.795692	165.0
941	574.140541	156.0
942	574.485348	156.0
943	574.830115	157.0
944	575.17484	162.0
945	575.519524	159.0
946	575.864167	164.0
947	576.208769	167.0
948	576.55333	163.0
949	576.897849	164.0
950	577.242328	157.0
951	577.586765	155.0
952	577.931161	153.0
953	578.275515	161.0
954	578.619829	152.0
955	578.964101	153.0
956	579.308332	154.0
957	579.652522	153.0
958	579.996671	168.0
959	580.340778	154.0
960	580.684844	161.0
961	581.028869	167.0
962	581.372853	160.0
963	581.716795	156.0
964	582.060696	161.0
965	582.404555	155.0
966	582.748374	162.0
967	583.092151	155.0
968	583.435886	160.0
969	583.779581	159.0
970	584.123234	158.0
971	584.466845	167.0
972	584.810415	169.0
973	585.153944	158.0
974	585.497431	159.0
975	585.840877	158.0
976	586.184282	154.0
977	586.527645	166.0
978	586.870967	160.0
979	587.214247	167.0
980	587.557486	159.0
981	587.900683	159.0
982	588.243839	158.0
983	588.586953	164.0
984	588.930026	157.0
985	589.273058	159.0
986	589.616048	163.0
987	589.958996	162.0
988	590.301903	158.0
989	590.644768	155.0
990	590.987592	159.0
991	591.330374	163.0
992	591.673115	218.0
993	592.015814	155.0
994	592.358472	161.0
995	592.701087	159.0
996	593.043662	158.0
997	593.386195	156.0
998	593.728686	163.0
999	594.071135	160.0
1000	594.413543	162.0
1001	594.755909	157.0
1002	595.098234	150.0
1003	595.440517	158.0
1004	595.782758	160.0
1005	596.124957	164.0
1006	596.467115	160.0
1007	596.809231	223.0
1008	597.151306	164.0
1009	597.493339	158.0
1010	597.83533	154.0
1011	598.177279	156.0
1012	598.519186	153.0
1013	598.861052	163.0
1014	599.202876	159.0
1015	599.544658	151.0
1016	599.886399	154.0
1017	600.228097	255.0
1018	600.569754	159.0
1019	600.911369	154.0
1020	601.252942	159.0
1021	601.594474	161.0
1022	601.935963	154.0
1023	602.277411	156.0
1024	602.618817	163.0
1025	602.960181	150.0
1026	603.301503	151.0
1027	603.642783	147.0
1028	603.984022	161.0
1029	604.325218	153.0
1030	604.666373	155.0
1031	605.007485	156.0
1032	605.348556	158.0
1033	605.689585	161.0
1034	606.030571	152.0
1035	606.371516	152.0
1036	606.712419	153.0
1037	607.05328	180.0
1038	607.394099	162.0
1039	607.734876	158.0
1040	608.075611	162.0
1041	608.416304	162.0
1042	608.756955	156.0
1043	609.097563	153.0
1044	609.43813	145.0
1045	609.778655	149.0
1046	610.119138	150.0
1047	610.459578	151.0
1048	610.799977	155.0
1049	611.140333	152.0
1050	611.480648	164.0
1051	611.82092	155.0
1052	612.16115	153.0
1053	612.501338	160.0
1054	612.841484	152.0
1055	613.181588	150.0
1056	613.52165	153.0
1057	613.861669	151.0
1058	614.201647	159.0
1059	614.541582	154.0
1060	614.881475	152.0
1061	615.221325	155.0
1062	615.561134	161.0
1063	615.9009	158.0
1064	616.240624	158.0
1065	616.580306	153.0
1066	616.919946	164.0
1067	617.259543	154.0
1068	617.599098	148.0
1069	617.938611	170.0
1070	618.278082	152.0
1071	618.61751	155.0
1072	618.956896	148.0
1073	619.29624	156.0
1074	619.635541	150.0
1075	619.9748	152.0
1076	620.314017	149.0
1077	620.653191	157.0
1078	620.992323	154.0
1079	621.331413	150.0
1080	621.67046	154.0
1081	622.009465	150.0
1082	622.348428	164.0
1083	622.687348	159.0
1084	623.026226	155.0
1085	623.365061	163.0
1086	623.703854	153.0
1087	624.042604	157.0
1088	624.381312	149.0
1089	624.719978	147.0
1090	625.058601	147.0
1091	625.397182	174.0
1092	625.73572	151.0
1093	626.074215	158.0
1094	626.412669	155.0
1095	626.751079	175.0
1096	627.089447	150.0
1097	627.427773	149.0
1098	627.766056	150.0
1099	628.104297	151.0
1100	628.442494	148.0
1101	628.78065	148.0
1102	629.118763	145.0
1103	629.456833	146.0
1104	629.794861	153.0
1105	630.132846	150.0
1106	630.470788	149.0
1107	630.808688	146.0
1108	631.146545	145.0
1109	631.48436	143.0
1110	631.822132	167.0
1111	632.159861	150.0
1112	632.497548	146.0
1113	632.835192	145.0
1114	633.172793	146.0
1115	633.510351	145.0
1116	633.847867	142.0
1117	634.185341	148.0
1118	634.522771	144.0
1119	634.860159	144.0
1120	635.197504	142.0
1121	635.534806	150.0
1122	635.872065	146.0
1123	636.209282	142.0
1124	636.546456	148.0
1125	636.883587	140.0
1126	637.220676	144.0
1127	637.557721	152.0
1128	637.894724	147.0
1129	638.231684	145.0
1130	638.568601	152.0
1131	638.905475	154.0
1132	639.242307	142.0
1133	639.579095	152.0
1134	639.915841	151.0
1135	640.252544	143.0
1136	640.589204	147.0
1137	640.925821	148.0
1138	641.262395	145.0
1139	641.598926	143.0
1140	641.935414	146.0
1141	642.27186	147.0
1142	642.608262	157.0
1143	642.944622	144.0
1144	643.280938	139.0
1145	643.617212	142.0
1146	643.953442	154.0
1147	644.28963	142.0
1148	644.625775	139.0
1149	644.961876	140.0
1150	645.297935	142.0
1151	645.63395	139.0
1152	645.969923	140.0
1153	646.305853	155.0
1154	646.641739	142.0
1155	646.977582	143.0
1156	647.313383	138.0
1157	647.64914	142.0
1158	647.984854	190.0
1159	648.320525	142.0
1160	648.656153	145.0
1161	648.991738	140.0
1162	649.32728	141.0
1163	649.662778	138.0
1164	649.998234	135.0
1165	650.333646	153.0
1166	650.669015	139.0
1167	651.004341	140.0
1168	651.339624	139.0
1169	651.674864	147.0
1170	652.01006	138.0
1171	652.345213	144.0
1172	652.680323	148.0
1173	653.01539	142.0
1174	653.350414	133.0
1175	653.685394	228.0
1176	654.020331	132.0
1177	654.355225	144.0
1178	654.690075	139.0
1179	655.024883	135.0
1180	655.359647	142.0
1181	655.694367	138.0
1182	656.029045	149.0
1183	656.363679	144.0
1184	656.698269	136.0
1185	657.032817	138.0
1186	657.367321	144.0
1187	657.701781	136.0
1188	658.036199	142.0
1189	658.370573	134.0
1190	658.704903	135.0
1191	659.039191	137.0
1192	659.373434	140.0
1193	659.707635	136.0
1194	660.041792	145.0
1195	660.375905	137.0
1196	660.709975	134.0
1197	661.044002	133.0
1198	661.377985	138.0
1199	661.711925	134.0
1200	662.045821	158.0
1201	662.379674	135.0
1202	662.713483	142.0
1203	663.047249	180.0
1204	663.380971	132.0
1205	663.71465	141.0
1206	664.048285	137.0
1207	664.381877	136.0
1208	664.715425	140.0
1209	665.04893	136.0
1210	665.382391	134.0
1211	665.715808	134.0
1212	666.049182	149.0
1213	666.382513	140.0
1214	666.715799	168.0
1215	667.049042	137.0
1216	667.382242	134.0
1217	667.715398	138.0
1218	668.04851	140.0
1219	668.381579	151.0
1220	668.714603	136.0
1221	669.047585	139.0
1222	669.380522	141.0
1223	669.713416	163.0
1224	670.046266	146.0
1225	670.379073	134.0
1226	670.711836	136.0
1227	671.044555	146.0
1228	671.37723	132.0
1229	671.709862	137.0
1230	672.042449	132.0
1231	672.374994	133.0
1232	672.707494	134.0
1233	673.03995	133.0
1234	673.372363	143.0
1235	673.704732	156.0
1236	674.037057	138.0
1237	674.369339	130.0
1238	674.701576	134.0
1239	675.03377	133.0
1240	675.36592	131.0
1241	675.698026	135.0
1242	676.030088	140.0
1243	676.362106	135.0
1244	676.694081	128.0
1245	677.026011	129.0
1246	677.357898	130.0
1247	677.689741	131.0
1248	678.02154	130.0
1249	678.353295	130.0
1250	678.685006	137.0
1251	679.016673	141.0
1252	679.348296	140.0
1253	679.679875	137.0
1254	680.01141	132.0
1255	680.342901	131.0
1256	680.674348	129.0
1257	681.005752	137.0
1258	681.337111	139.0
1259	681.668426	131.0
1260	681.999697	132.0
1261	682.330924	127.0
1262	682.662107	140.0
1263	682.993246	130.0
1264	683.324341	133.0
1265	683.655392	149.0
1266	683.986399	152.0
1267	684.317362	133.0
1268	684.648281	137.0
1269	684.979155	131.0
1270	685.309986	127.0
1271	685.640772	127.0
1272	685.971514	125.0
1273	686.302212	130.0
1274	686.632866	131.0
1275	686.963476	146.0
1276	687.294041	133.0
1277	687.624563	133.0
1278	687.95504	133.0
1279	688.285473	132.0
1280	688.615862	138.0
1281	688.946206	130.0
1282	689.276507	127.0
1283	689.606763	130.0
1284	689.936975	136.0
1285	690.267142	137.0
1286	690.597266	129.0
1287	690.927345	140.0
1288	691.257379	132.0
1289	691.58737	129.0
1290	691.917316	128.0
1291	692.247218	128.0
1292	692.577076	130.0
1293	692.906889	127.0
1294	693.236658	144.0
1295	693.566383	136.0
1296	693.896063	130.0
1297	694.225699	133.0
1298	694.55529	128.0
1299	694.884837	130.0
1300	695.21434	129.0
1301	695.543798	129.0
1302	695.873212	131.0
1303	696.202582	125.0
1304	696.531907	128.0
1305	696.861188	211.0
1306	697.190424	132.0
1307	697.519616	127.0
1308	697.848763	128.0
1309	698.177866	126.0
1310	698.506924	152.0
1311	698.835938	129.0
1312	699.164907	128.0
1313	699.493832	131.0
1314	699.822712	126.0
1315	700.151548	125.0
1316	700.480339	125.0
1317	700.809086	125.0
1318	701.137788	127.0
1319	701.466446	137.0
1320	701.795059	130.0
1321	702.123627	129.0
1322	702.452151	135.0
1323	702.78063	136.0
1324	703.109065	139.0
1325	703.437455	135.0
1326	703.7658	129.0
1327	704.094101	134.0
1328	704.422357	130.0
1329	704.750569	127.0
1330	705.078735	128.0
1331	705.406857	125.0
1332	705.734935	126.0
1333	706.062968	124.0
1334	706.390956	135.0
1335	706.718899	130.0
1336	707.046797	136.0
1337	707.374651	128.0
1338	707.70246	126.0
1339	708.030225	137.0
1340	708.357944	130.0
1341	708.685619	127.0
1342	709.013249	128.0
1343	709.340835	126.0
1344	709.668375	126.0
1345	709.995871	134.0
1346	710.323322	128.0
1347	710.650728	132.0
1348	710.978089	147.0
1349	711.305405	132.0
1350	711.632677	160.0
1351	711.959904	127.0
1352	712.287085	126.0
1353	712.614222	126.0
1354	712.941314	128.0
1355	713.268361	125.0
1356	713.595364	126.0
1357	713.922321	127.0
1358	714.249233	127.0
1359	714.576101	123.0
1360	714.902923	125.0
1361	715.229701	124.0
1362	715.556434	130.0
1363	715.883121	130.0
1364	716.209764	130.0
1365	716.536362	131.0
1366	716.862914	123.0
1367	717.189422	124.0
1368	717.515885	120.0
1369	717.842302	119.0
1370	718.168675	124.0
1371	718.495003	155.0
1372	718.821285	129.0
1373	719.147523	128.0
1374	719.473715	125.0
1375	719.799862	126.0
1376	720.125965	129.0
1377	720.452022	127.0
1378	720.778034	125.0
1379	721.104001	160.0
1380	721.429923	127.0
1381	721.755799	127.0
1382	722.081631	130.0
1383	722.407417	128.0
1384	722.733158	125.0
1385	723.058854	132.0
1386	723.384505	159.0
1387	723.710111	131.0
1388	724.035671	135.0
1389	724.361187	123.0
1390	724.686657	123.0
1391	725.012081	124.0
1392	725.337461	125.0
1393	725.662795	145.0
1394	725.988084	140.0
1395	726.313328	132.0
1396	726.638527	127.0
1397	726.96368	127.0
1398	727.288788	128.0
1399	727.613851	123.0
1400	727.938868	123.0
1401	728.26384	128.0
1402	728.588767	133.0
1403	728.913648	139.0
1404	729.238484	136.0
1405	729.563275	126.0
1406	729.88802	128.0
1407	730.21272	124.0
1408	730.537375	133.0
1409	730.861984	126.0
1410	731.186548	128.0
1411	731.511066	129.0
1412	731.835539	126.0
1413	732.159967	150.0
1414	732.484349	132.0
1415	732.808685	138.0
1416	733.132977	123.0
1417	733.457222	124.0
1418	733.781423	134.0
1419	734.105577	133.0
1420	734.429687	130.0
1421	734.75375	128.0
1422	735.077769	122.0
1423	735.401741	125.0
1424	735.725669	127.0
1425	736.04955	126.0
1426	736.373387	127.0
1427	736.697177	129.0
1428	737.020922	125.0
1429	737.344622	125.0
1430	737.668275	126.0
1431	737.991884	124.0
1432	738.315446	148.0
1433	738.638963	129.0
1434	738.962435	123.0
1435	739.285861	129.0
1436	739.609241	128.0
1437	739.932575	136.0
1438	740.255864	130.0
1439	740.579107	124.0
1440	740.902305	123.0
1441	741.225457	119.0
1442	741.548563	122.0
1443	741.871623	128.0
1444	742.194638	127.0
1445	742.517607	123.0
1446	742.84053	130.0
1447	743.163408	127.0
1448	743.48624	125.0
1449	743.809026	126.0
1450	744.131766	132.0
1451	744.45446	132.0
1452	744.777109	128.0
1453	745.099712	134.0
1454	745.422269	127.0
1455	745.74478	128.0
1456	746.067246	127.0
1457	746.389665	128.0
1458	746.712039	127.0
1459	747.034367	132.0
1460	747.356649	134.0
1461	747.678885	130.0
1462	748.001076	125.0
1463	748.32322	128.0
1464	748.645319	128.0
1465	748.967371	124.0
1466	749.289378	128.0
1467	749.611339	127.0
1468	749.933254	126.0
1469	750.255123	127.0
1470	750.576946	131.0
1471	750.898723	127.0
1472	751.220454	129.0
1473	751.542139	128.0
1474	751.863778	134.0
1475	752.185371	126.0
1476	752.506918	125.0
1477	752.828419	132.0
1478	753.149874	134.0
1479	753.471283	130.0
1480	753.792646	123.0
1481	754.113963	133.0
1482	754.435234	127.0
1483	754.756459	125.0
1484	755.077637	137.0
1485	755.39877	128.0
1486	755.719857	134.0
1487	756.040897	126.0
1488	756.361891	136.0
1489	756.682839	129.0
1490	757.003741	123.0
1491	757.324597	125.0
1492	757.645407	126.0
1493	757.966171	124.0
1494	758.286888	122.0
1495	758.607559	129.0
1496	758.928184	127.0
1497	759.248763	131.0
1498	759.569296	133.0
1499	759.889782	132.0
1500	760.210222	126.0
1501	760.530616	128.0
1502	760.850964	133.0
1503	761.171265	126.0
1504	761.491521	126.0
1505	761.811729	125.0
1506	762.131892	128.0
1507	762.452008	129.0
1508	762.772078	129.0
1509	763.092102	125.0
1510	763.41208	128.0
1511	763.732011	125.0
1512	764.051895	129.0
1513	764.371734	126.0
1514	764.691526	127.0
1515	765.011272	128.0
1516	765.330971	125.0
1517	765.650624	125.0
1518	765.97023	124.0
1519	766.28979	126.0
1520	766.609304	133.0
1521	766.928771	161.0
1522	767.248192	124.0
1523	767.567567	122.0
1524	767.886895	130.0
1525	768.206176	128.0
1526	768.525411	129.0
1527	768.8446	129.0
1528	769.163742	127.0
1529	769.482838	122.0
1530	769.801887	127.0
1531	770.120889	127.0
1532	770.439845	124.0
1533	770.758755	126.0
1534	771.077618	128.0
1535	771.396435	123.0
1536	771.715204	125.0
1537	772.033928	133.0
1538	772.352605	128.0
1539	772.671235	129.0
1540	772.989818	127.0
1541	773.308355	128.0
1542	773.626846	125.0
1543	773.945289	125.0
1544	774.263687	124.0
1545	774.582037	125.0
1546	774.900341	126.0
1547	775.218598	127.0
1548	775.536809	128.0
1549	775.854972	133.0
1550	776.17309	131.0
1551	776.49116	127.0
1552	776.809184	130.0
1553	777.127161	133.0
1554	777.445091	131.0
1555	777.762975	127.0
1556	778.080811	136.0
1557	778.398602	136.0
1558	778.716345	127.0
1559	779.034041	129.0
1560	779.351691	124.0
1561	779.669294	147.0
1562	779.98685	132.0
1563	780.30436	132.0
1564	780.621822	129.0
1565	780.939238	127.0
1566	781.256607	133.0
1567	781.573929	133.0
1568	781.891204	137.0
1569	782.208433	130.0
1570	782.525614	134.0
1571	782.842749	129.0
1572	783.159837	136.0
1573	783.476878	130.0
1574	783.793871	127.0
1575	784.110818	127.0
1576	784.427719	135.0
1577	784.744572	131.0
1578	785.061378	124.0
1579	785.378137	126.0
1580	785.69485	129.0
1581	786.011515	129.0
1582	786.328133	127.0
1583	786.644705	130.0
1584	786.961229	134.0
1585	787.277706	148.0
1586	787.594137	127.0
1587	787.91052	128.0
1588	788.226856	128.0
1589	788.543146	126.0
1590	788.859388	129.0
1591	789.175583	129.0
1592	789.491731	134.0
1593	789.807832	129.0
1594	790.123886	124.0
1595	790.439893	130.0
1596	790.755852	135.0
1597	791.071765	128.0
1598	791.38763	135.0
1599	791.703449	158.0
1600	792.01922	129.0
1601	792.334944	135.0
1602	792.65062	126.0
1603	792.96625	125.0
1604	793.281833	129.0
1605	793.597368	135.0
1606	793.912856	135.0
1607	794.228297	126.0
1608	794.543691	138.0
1609	794.859037	128.0
1610	795.174336	126.0
1611	795.489588	132.0
1612	795.804793	124.0
1613	796.11995	124.0
1614	796.43506	124.0
1615	796.750123	127.0
1616	797.065139	126.0
1617	797.380107	125.0
1618	797.695028	126.0
1619	798.009902	127.0
1620	798.324728	130.0
1621	798.639507	128.0
1622	798.954239	126.0
1623	799.268923	127.0
1624	799.58356	128.0
1625	799.89815	134.0
1626	800.212692	139.0
1627	800.527187	130.0
1628	800.841634	126.0
1629	801.156034	129.0
1630	801.470386	127.0
1631	801.784692	127.0
1632	802.098949	133.0
1633	802.413159	139.0
1634	802.727322	134.0
1635	803.041438	134.0
1636	803.355505	133.0
1637	803.669526	131.0
1638	803.983499	136.0
1639	804.297424	126.0
1640	804.611302	125.0
1641	804.925132	126.0
1642	805.238915	138.0
1643	805.55265	129.0
1644	805.866338	132.0
1645	806.179978	127.0
1646	806.49357	132.0
1647	806.807115	129.0
1648	807.120613	136.0
1649	807.434063	129.0
1650	807.747465	131.0
1651	808.060819	130.0
1652	808.374126	131.0
1653	808.687386	182.0
1654	809.000597	133.0
1655	809.313761	135.0
1656	809.626878	134.0
1657	809.939947	126.0
1658	810.252968	159.0
1659	810.565941	176.0
1660	810.878867	134.0
1661	811.191745	135.0
1662	811.504575	129.0
1663	811.817357	131.0
1664	812.130092	129.0
1665	812.442779	130.0
1666	812.755419	134.0
1667	813.06801	139.0
1668	813.380554	136.0
1669	813.69305	168.0
1670	814.005498	133.0
1671	814.317898	126.0
1672	814.630251	133.0
1673	814.942556	135.0
1674	815.254813	133.0
1675	815.567022	141.0
1676	815.879183	136.0
1677	816.191297	138.0
1678	816.503362	210.0
1679	816.81538	135.0
1680	817.12735	130.0
1681	817.439272	128.0
1682	817.751146	130.0
1683	818.062972	133.0
1684	818.37475	127.0
1685	818.68648	135.0
1686	818.998163	129.0
1687	819.309797	128.0
1688	819.621383	126.0
1689	819.932922	141.0
1690	820.244412	137.0
1691	820.555855	133.0
1692	820.86725	129.0
1693	821.178596	124.0
1694	821.489895	134.0
1695	821.801145	138.0
1696	822.112348	131.0
1697	822.423502	133.0
1698	822.734609	129.0
1699	823.045667	133.0
1700	823.356677	138.0
1701	823.667639	134.0
1702	823.978554	134.0
1703	824.28942	127.0
1704	824.600238	128.0
1705	824.911007	129.0
1706	825.221729	128.0
1707	825.532403	133.0
1708	825.843028	132.0
1709	826.153606	127.0
1710	826.464135	130.0
1711	826.774616	130.0
1712	827.085049	131.0
1713	827.395433	131.0
1714	827.70577	134.0
1715	828.016058	128.0
1716	828.326298	131.0
1717	828.63649	162.0
1718	828.946633	135.0
1719	829.256729	135.0
1720	829.566776	137.0
1721	829.876775	129.0
1722	830.186725	130.0
1723	830.496628	130.0
1724	830.806482	130.0
1725	831.116287	133.0
1726	831.426045	138.0
1727	831.735754	133.0
1728	832.045415	129.0
1729	832.355027	135.0
1730	832.664591	129.0
1731	832.974107	133.0
1732	833.283575	129.0
1733	833.592994	137.0
1734	833.902364	129.0
1735	834.211687	127.0
1736	834.520961	134.0
1737	834.830186	132.0
1738	835.139363	134.0
1739	835.448492	130.0
1740	835.757572	145.0
1741	836.066604	134.0
1742	836.375587	156.0
1743	836.684522	128.0
1744	836.993409	129.0
1745	837.302247	131.0
1746	837.611036	135.0
1747	837.919777	125.0
1748	838.228469	129.0
1749	838.537113	128.0
1750	838.845709	178.0
1751	839.154256	131.0
1752	839.462754	135.0
1753	839.771204	167.0
1754	840.079605	131.0
1755	840.387958	127.0
1756	840.696262	125.0
1757	841.004518	127.0
1758	841.312724	128.0
1759	841.620883	140.0
1760	841.928992	134.0
1761	842.237054	127.0
1762	842.545066	136.0
1763	842.85303	127.0
1764	843.160945	144.0
1765	843.468811	126.0
1766	843.776629	127.0
1767	844.084398	128.0
1768	844.392119	127.0
1769	844.699791	129.0
1770	845.007414	125.0
1771	845.314988	164.0
1772	845.622514	130.0
1773	845.929991	123.0
1774	846.237419	127.0
1775	846.544798	166.0
1776	846.852129	130.0
1777	847.159411	132.0
1778	847.466644	126.0
1779	847.773828	124.0
1780	848.080964	132.0
1781	848.38805	128.0
1782	848.695088	130.0
1783	849.002077	131.0
1784	849.309017	136.0
1785	849.615909	128.0
1786	849.922751	135.0
1787	850.229545	130.0
1788	850.53629	138.0
1789	850.842986	136.0
1790	851.149633	131.0
1791	851.456231	126.0
1792	851.76278	124.0
1793	852.06928	123.0
1794	852.375732	127.0
1795	852.682134	127.0
1796	852.988488	125.0
1797	853.294792	129.0
1798	853.601048	137.0
1799	853.907254	131.0
1800	854.213412	125.0
1801	854.519521	124.0
1802	854.82558	128.0
1803	855.131591	129.0
1804	855.437552	128.0
1805	855.743465	130.0
1806	856.049328	128.0
1807	856.355143	124.0
1808	856.660908	123.0
1809	856.966625	132.0
1810	857.272292	129.0
1811	857.57791	127.0
1812	857.883479	128.0
1813	858.188999	129.0
1814	858.49447	132.0
1815	858.799892	125.0
1816	859.105265	129.0
1817	859.410588	130.0
1818	859.715863	134.0
1819	860.021088	134.0
1820	860.326264	133.0
1821	860.631391	129.0
1822	860.936469	133.0
1823	861.241497	127.0
1824	861.546476	126.0
1825	861.851407	134.0
1826	862.156287	131.0
1827	862.461119	125.0
1828	862.765901	124.0
1829	863.070635	130.0
1830	863.375319	128.0
1831	863.679953	126.0
1832	863.984539	130.0
1833	864.289075	129.0
1834	864.593561	127.0
1835	864.897999	126.0
1836	865.202387	129.0
1837	865.506726	131.0
1838	865.811015	130.0
1839	866.115256	128.0
1840	866.419446	127.0
1841	866.723588	124.0
1842	867.02768	128.0
1843	867.331723	124.0
1844	867.635716	125.0
1845	867.93966	142.0
1846	868.243555	134.0
1847	868.5474	125.0
1848	868.851195	132.0
1849	869.154942	131.0
1850	869.458639	133.0
1851	869.762286	127.0
1852	870.065884	125.0
1853	870.369432	127.0
1854	870.672931	125.0
1855	870.976381	124.0
1856	871.279781	125.0
1857	871.583131	129.0
1858	871.886432	137.0
1859	872.189684	129.0
1860	872.492886	143.0
1861	872.796038	131.0
1862	873.099141	130.0
1863	873.402194	123.0
1864	873.705198	126.0
1865	874.008152	134.0
1866	874.311057	124.0
1867	874.613911	127.0
1868	874.916717	129.0
1869	875.219473	129.0
1870	875.522179	129.0
1871	875.824835	134.0
1872	876.127442	131.0
1873	876.429999	127.0
1874	876.732507	125.0
1875	877.034964	132.0
1876	877.337373	126.0
1877	877.639731	125.0
1878	877.94204	127.0
1879	878.244299	174.0
1880	878.546508	133.0
1881	878.848668	129.0
1882	879.150778	125.0
1883	879.452838	127.0
1884	879.754848	122.0
1885	880.056809	191.0
1886	880.35872	134.0
1887	880.660581	140.0
1888	880.962392	132.0
1889	881.264154	128.0
1890	881.565865	129.0
1891	881.867527	128.0
1892	882.169139	124.0
1893	882.470702	127.0
1894	882.772214	131.0
1895	883.073676	136.0
1896	883.375089	128.0
1897	883.676452	132.0
1898	883.977765	128.0
1899	884.279028	132.0
1900	884.580241	129.0
1901	884.881404	124.0
1902	885.182517	129.0
1903	885.483581	134.0
1904	885.784594	127.0
1905	886.085557	124.0
1906	886.386471	132.0
1907	886.687335	129.0
1908	886.988148	126.0
1909	887.288912	134.0
1910	887.589625	129.0
1911	887.890289	132.0
1912	888.190903	132.0
1913	888.491466	126.0
1914	888.79198	125.0
1915	889.092443	141.0
1916	889.392857	133.0
1917	889.69322	125.0
1918	889.993533	126.0
1919	890.293797	127.0
1920	890.59401	129.0
1921	890.894173	158.0
1922	891.194286	126.0
1923	891.494349	129.0
1924	891.794361	133.0
1925	892.094324	129.0
1926	892.394237	125.0
1927	892.694099	132.0
1928	892.993911	127.0
1929	893.293673	124.0
1930	893.593385	130.0
1931	893.893047	125.0
1932	894.192658	124.0
1933	894.492219	126.0
1934	894.79173	127.0
1935	895.091191	132.0
1936	895.390602	122.0
1937	895.689962	132.0
1938	895.989272	129.0
1939	896.288532	134.0
1940	896.587742	125.0
1941	896.886901	150.0
1942	897.18601	132.0
1943	897.485069	124.0
1944	897.784077	124.0
1945	898.083035	134.0
1946	898.381943	128.0
1947	898.680801	126.0
1948	898.979608	156.0
1949	899.278364	126.0
1950	899.577071	127.0
1951	899.875727	126.0
1952	900.174333	123.0
1953	900.472888	118.0
1954	900.771393	123.0
1955	901.069847	125.0
1956	901.368251	140.0
1957	901.666605	132.0
1958	901.964908	126.0
1959	902.263161	126.0
1960	902.561363	131.0
1961	902.859515	131.0
1962	903.157616	150.0
1963	903.455667	135.0
1964	903.753668	149.0
1965	904.051618	131.0
1966	904.349517	128.0
1967	904.647366	175.0
1968	904.945164	129.0
1969	905.242912	124.0
1970	905.54061	128.0
1971	905.838256	132.0
1972	906.135853	127.0
1973	906.433398	128.0
1974	906.730893	128.0
1975	907.028338	128.0
1976	907.325731	124.0
1977	907.623075	125.0
1978	907.920367	128.0
1979	908.217609	129.0
1980	908.514801	130.0
1981	908.811941	127.0
1982	909.109032	134.0
1983	909.406071	125.0
1984	909.70306	128.0
1985	909.999998	134.0
1986	910.296885	127.0
1987	910.593722	124.0
1988	910.890508	127.0
1989	911.187243	126.0
1990	911.483928	129.0
1991	911.780561	124.0
1992	912.077144	131.0
1993	912.373677	125.0
1994	912.670158	123.0
1995	912.966589	125.0
1996	913.262969	137.0
1997	913.559298	135.0
1998	913.855577	125.0
1999	914.151804	124.0
2000	914.447981	126.0
2001	914.744107	123.0
2002	915.040182	126.0
2003	915.336206	235.0
2004	915.63218	194.0
2005	915.928102	140.0
2006	916.223974	132.0
2007	916.519794	130.0
2008	916.815564	133.0
2009	917.111283	132.0
2010	917.406951	127.0
2011	917.702569	125.0
2012	917.998135	127.0
2013	918.29365	130.0
2014	918.589114	126.0
2015	918.884528	127.0
2016	919.17989	129.0
2017	919.475202	123.0
2018	919.770462	130.0
2019	920.065672	128.0
2020	920.36083	131.0
2021	920.655938	126.0
2022	920.950994	122.0
2023	921.245999	124.0
2024	921.540954	128.0
2025	921.835857	133.0
2026	922.130709	128.0
2027	922.425511	125.0
2028	922.720261	127.0
2029	923.01496	127.0
2030	923.309608	126.0
2031	923.604205	134.0
2032	923.89875	135.0
2033	924.193245	125.0
2034	924.487688	124.0
2035	924.782081	125.0
2036	925.076422	127.0
2037	925.370712	124.0
2038	925.664951	162.0
2039	925.959139	127.0
2040	926.253275	125.0
